(0.0, 0.0)
(-4.0000000000040004e-05, 0.006712943125660509)
(0.005500219701094045, 0.003461778559673112)
(-0.004236866709072085, 0.003167062549485511)
(0.003256092689774226, 0.0066241966399820384)
(-0.0012344941564422784, -0.0097168939542438)
(-0.00823348817062397, -0.043320891301888875)
(-0.006532925948792068, -0.04167651927169558)
(-0.0007688727922592342, 0.0)
(-0.0005062265871780269, -0.007248164826352488)
(0.0066045380895787265, 0.018392518718737483)
(-0.005796401402591744, -0.04673724030629378)
(0.013421596020213089, -0.026146510064966266)
(0.001977587344048848, 0.057739073282944364)
(-0.008712121214793367, -0.029204337154751903)
(-0.0010055708628897708, 0.015041443978621949)
(0.0025164576336986766, 0.0074092757827033395)
(0.00026105466091030927, 0.0038182273410114487)
(-0.0027704723864733216, -0.04040655983039221)
(0.0025164576336986766, 0.015238157125219365)
(0.0010040563881168474, 0.022562165967932923)
(0.0025076231752243494, 0.0)
(0.0017609509140354973, -0.010860040060090226)
(0.0012384890437477925, 0.018414807783578402)
(0.00249386509263938, 0.021903252866064093)
(-0.0009950644804831432, -0.007144594430256834)
(-0.004482250290229861, -0.04317604188994695)
(0.0015008104380984655, -0.0074887189170159685)
(0.002997122763069626, 0.03785509302550527)
(0.0, -0.007301084288687809)
(0.0009960556200510062, 0.014709564346519599)
(0.0, -0.007248164826352488)
(0.003980257921931907, 0.0)
(0.0009911195689669139, -0.011402118867865796)
(0.003960552894390457, -0.007416719044626041)
(-0.007160045763346834, 0.014912613981763023)
(-0.0014900168873135389, -0.029418187490251158)
(0.0027457222451698904, 0.007585497557212717)
(0.0049605143076374425, 0.022553272936072455)
(-0.0034552203453870334, -0.014693495554515712)
(0.0024765716331127674, 0.014912613981763023)
(0.0029645440540260193, 0.007362345967867556)
(0.006404193270641789, -0.01458610758415646)
(0.004405458854341404, 0.02221873035826527)
(0.0, 0.021735788729363215)
(-0.003158017857393669, 0.0036709393994103223)
(0.00952362328196421, 0.03873366111044496)
(0.0007361059994832608, 0.0035499884553220618)
(0.002903544260557611, -0.006787265249777241)
(-0.0033776611154381353, 0.006833647024757639)
(0.003369742041440915, 0.003249834632308435)
(0.005558772439403947, -0.006765279211099595)
(0.012476486625051741, 0.09524359270376337)
(0.008777583986786963, 0.05291451459892493)
(-0.008456898012255243, -0.023600961057163028)
(0.0009476696805326146, 0.006049265629405776)
(-0.005453409329190917, -0.021147035593263697)
(0.0009519639018076287, 0.036804706004841314)
(0.0023776463210503085, 0.0)
(0.001423203917072735, -0.005899630959254831)
(-0.004263543858897378, -0.01785443709278245)
(-0.0011798736396848586, -0.0029312694453729193)
(-0.0012003200857079177, -0.02137865229388558)
(0.001430669744616031, 0.0)
(0.011429006822656795, 0.037261515758406194)
(0.0009416550531937684, -0.011965855393526792)
(-0.00658538421203636, -0.024247255149006164)
(-0.0011742869051493132, -0.009196795615052267)
(0.002844356796946279, 0.03133062049522595)
(0.006844911698848488, 0.002939887046444989)
(0.007981520434998446, 0.030289784268854092)
(0.0009315670824125988, 0.017644563128603075)
(0.0023267501821528924, 0.011575436531292782)
(0.0037141583727742233, -0.011442979053529756)
(-0.00506956779303569, 0.0)
(-0.009781678881066957, -0.06935452226800087)
(-0.0009390024041175948, 0.0)
(-0.001879769916705909, -0.012438073152735374)
(-0.005649930319163166, -0.025136087095741333)
(0.0, 0.0)
(-0.002102352362444604, 0.003339355121256826)
(-0.0038149828242012296, 0.0064382365779136475)
(0.007144762414928119, 0.006397050851133068)
(-0.002818713229854941, 0.006329454858866601)
(0.004477158902505662, 0.0030243824104059236)
(0.0033051295620392107, 0.0062973636460670335)
(0.010353330951928141, 0.0)
(0.011178804988951185, 0.037494696648281645)
(-0.004145707811688659, 0.006031794714512095)
(0.00024052693908571676, 0.003124841217417851)
(0.005549286918210328, -0.01195390654678996)
(0.0059785508009782, 0.030220695665547526)
(-0.000694876202514294, -0.020650875796178303)
(-0.003659786269512244, 0.0)
(-0.00022039377026505935, -0.002870789085920422)
(-0.00023881255058544326, -0.0031338378047849336)
(0.009646656747118065, -0.04217144609722434)
(0.0068246342015176875, -0.0035222542427152392)
(0.007917141155067586, 0.047584618680377)
(0.016785925651588762, 0.015004728917972443)
(0.0022223398069420863, 0.0)
(-0.011439029973355774, -0.04762264531076854)
(0.005340644083138946, 0.024988761668032877)
(0.001558266782780704, 0.009261648005779)
(-0.009069853788644777, -0.0031440914087064176)
(0.0066728518431105055, -0.012103184778706422)
(0.004891708909206649, 0.0)
(-0.013245617132946141, -0.03068057934901114)
(-0.0013226803943079402, 0.0)
(-0.004474433090559504, -0.01266602399314476)
(0.004045089262755264, -0.01922920452388066)
(0.006249104714513232, 0.01960621647032812)
(0.006228090469167613, 0.0384584090477611)
(0.0009019046105696038, -0.01851706756509708)
(-0.0035336937710583882, 0.0)
(0.0013298343916532396, -0.006279936136242559)
(-0.004444601846340435, -0.006319622964867322)
(0.0011383444206451987, 0.00967446372749814)
(0.009966954485188806, 0.009341553900765964)
(0.001125828979846366, 0.04698944918951797)
(-0.005060533114474408, -0.009067030358135164)
(-0.004856683681096374, -0.006040525041417166)
(-0.00021296230573009112, -0.01502641161085183)
(0.006869497303778838, 0.021425596167864214)
(0.0035259065996904315, 0.036141200458774)
(0.0013175693484228646, 0.04068580424568924)
(-0.009210849505977503, -0.016758456047462622)
(-0.006197651976968754, 0.0)
(0.0, -0.01134669936054622)
(0.005790852236856381, 0.02871662695132038)
(0.006873582768313291, 0.042026142245964015)
(-0.001108452389630754, 0.007939208347510496)
(0.006164902332003619, 0.0)
(0.007667664515483619, 0.008079216833577041)
(0.0019283890139099036, -0.01330535339554395)
(0.0011097239564619166, -0.023960360197293973)
(-0.007586254678479731, -0.030227868054428786)
(-0.005445216239376105, 0.00858133142105899)
(-0.0024216474228276885, -0.06453524197753246)
(-0.013632845486379996, -0.01796255478705877)
(-0.0035667790211844075, 0.012202672720705854)
(-0.007821309042298163, 0.015165031222122982)
(0.007431993652398106, 0.0028621641978410217)
(-0.011405959034799462, -0.02060384538353699)
(0.0009056166346186334, 0.0)
(-0.0018095944703830913, 0.024181385956391743)
(-0.006127517631918877, -0.008959992013377605)
(0.0016051657155700116, 0.009040999294852359)
(-0.0006920289197183127, 0.026430728529712733)
(-0.014123521590167831, -0.05174342265233678)
(-0.013401604499356345, -0.04241243140673867)
(0.0028104097585528454, 0.0)
(0.009584664539496135, 0.015959725792630497)
(0.004830113259203239, -0.01570901423299942)
(-0.0036650275347881456, -0.01898564695801208)
(0.003937298977052306, 0.029152449843046435)
(-0.0030012336367618575, -0.0032623398668542025)
(-0.0009233951395102302, -0.01255987227248545)
(-0.01062885874086894, -0.019106392152635432)
(-0.00934177830360261, -0.05195197670265661)
(-0.017445259609384478, 0.00988176654688755)
(-0.005758378442331624, -0.01360153806421982)
(-0.0040928221178997415, -0.030894545454545397)
(-0.008975303379561983, -0.017920931768378723)
(0.023472800899030144, 0.02897664751192086)
(0.01767864992970547, 0.06336145437262353)
(0.008713942310210054, 0.010084643964578088)
(-0.010500446830532195, -0.023093091432048296)
(-0.0037630766925922376, -0.02683803753928038)
(0.007082420490083896, 0.020683636363636237)
(0.002813045028285721, 0.0)
(-0.014025770018809114, -0.027019323946873453)
(-0.006164292625511325, -0.006942410217352979)
(0.0021565708621165136, 0.0176100999970501)
(-0.008817200208254494, -0.01730535103484243)
(-0.004322932678806235, -0.04896610719447814)
(0.007255465722008081, 0.0)
(-1.9157455129259482e-05, -0.007350888620080043)
(0.009099965518602149, 0.007405324334458285)
(0.003322385283752949, -0.007350888620080043)
(0.003084317288212457, -0.010967379077615247)
(-0.0007168323557569245, -0.026348213439484347)
(-0.010156117270236575, -0.027093675979103726)
(0.0026318298853913458, -0.0037686766275347727)
(-0.009986114548411362, -0.03970406079475075)
(0.006743774978937633, -0.008262157922258928)
(-0.0009733010174807211, -0.008330989876265571)
(-0.006686024300887716, -0.050405870050689305)
(0.015865994850649878, 0.026540744335361577)
(0.018438937589377202, 0.05170909090909093)
(-0.006282878229207367, -0.028836180070534567)
(-0.005349894313068093, -0.08847194531472513)
(-0.004250277397652602, 0.037065968831777374)
(0.002379738229486339, 0.0)
(0.006820794002693198, 0.039996987044290444)
(-0.013324599985122032, -0.038458752806547425)
(-0.01612199609749121, -0.05359294968363959)
(-0.0033736240443372756, 0.04719646623423146)
(-0.0029014662084535514, 0.01801254037621125)
(-0.0029099092117009784, -0.01769382955690768)
(-0.012626950468778264, -0.09910697320919626)
(0.010325326610550967, 0.05998228371367098)
(0.021960876101220217, 0.07549046917903612)
(0.00879787782467889, 0.10068082587138316)
(0.007094211125787675, -0.007967189968736244)
(0.0007138160986377429, -0.003829210437140018)
(0.0032661948839045607, -0.01615811137190859)
(-0.0032555615853103737, -0.01638890809764193)
(-0.005143318380401385, 0.0)
(-0.0035661050218845913, -0.004323678290213739)
(0.006173073283373798, 0.016734333627537623)
(0.00022583559175459733, 0.01250043404284873)
(-0.0014111537597221169, -0.008127850749339749)
(0.008007838262830358, 0.04100684599958515)
(0.005121686793502445, 0.04722997210043833)
(-0.004630662799807395, 0.007516650808753411)
(-0.002335444575900625, -0.007460572292001033)
(0.001404546987183286, 0.03761496986996504)
(0.006545359342110979, 0.02897664751192086)
(0.01670289653599699, 0.021120484790874583)
(-0.0013705639417618265, -0.0068945454545454865)
(0.005050597472463281, 0.02776964086941236)
(-0.007756313386365177, -0.027019323946873453)
(-0.0011193276697289978, -0.020915109262405474)
(0.007807333384526993, 0.035603159406414564)
(-0.006161025137981335, -0.024209857283180036)
(0.00298956403803885, 0.017764092846991764)
(0.000457155396391018, 0.006923434954619445)
(0.006159638831217951, 0.010169295660715338)
(0.0072482197375292046, 0.02039123720185332)
(-0.006763215324617322, -0.01998374393901181)
(0.003195816386714956, 0.0)
(0.0036200405454620554, 0.0)
(0.008332131007938726, 0.03755076359892473)
(0.002915399750399894, 0.009702582761377032)
(0.0055820091681535455, 0.04234118642679707)
(0.0002128187848629004, 0.027892724320360385)
(0.00044327813055100584, 0.030320788850103142)
(-0.002215408610568015, -0.017657096223755442)
(-0.009787203810980416, -0.041915263197643715)
(0.0006995892157561912, -0.009249040937516328)
(0.002903954397961428, 0.028244841669760712)
(0.001555015371843993, -0.02133037579634256)
(0.0018024449010034527, 0.006272401433691677)
(0.008230012828249533, 0.052825938924100146)
(-0.001996536980648167, -0.008756436727281658)
(0.005983889529823205, 0.05061861620699171)
(0.0026397761476975035, 0.022716415058283923)
(-0.003510434768293935, -0.02221184164428358)
(-0.001321050499715093, -0.005685075482514845)
(-0.0013227979826511138, -0.005717580358429841)
(0.0, -0.011500918140523786)
(0.0008830333965630377, 0.0)
(-0.0008822543365194502, 0.01163472819710587)
(0.0008830333965630377, -0.011500918140523786)
(0.0026291179228283834, 0.005817364098553046)
(-0.003519763472847659, 0.0)
(-0.004839108475052867, 0.0)
(0.005324057643250946, 0.046245443499392414)
(0.01832368310058441, 0.04155343413931667)
(-0.001092119405346259, -0.0027652647071940706)
(-0.005640108985765613, -0.015966724808801902)
(0.006527278440790596, 0.010817198436505748)
(0.018657234018016222, 0.06416366906474824)
(0.008510928033821363, 0.030168589174800253)
(0.0025317310295529527, -0.01952339936836056)
(0.015152025324642437, 0.009956076134699732)
(-0.0012604066473081987, 0.009857929834734769)
(0.0012619972770651078, 0.009741191911734504)
(0.005605492720923477, 0.007352194487884933)
(-0.0010389867408138187, 0.026270690941349706)
(0.010730853683408315, 0.018702605005697093)
(-0.00040834326978900215, -0.013769429552204282)
(0.015114873038866161, 0.03255768478685961)
(0.006020314538779825, 0.0)
(0.005616269582322531, 0.004507148944228767)
(-0.00280040733266107, -0.008973851403578204)
(0.010786316060855672, 0.045256529762017994)
(0.012833870054262952, -0.015069340807338016)
(-0.007216221694035463, 0.015299900218042062)
(0.006483720055570741, 0.03689076547883374)
(0.0031195894627753518, 0.025046952065013173)
(-0.0052557105328927545, -0.022482876712328737)
(0.007034217562224887, 0.0)
(-0.019201216961262202, -0.04783926287946472)
(0.008704459850820134, 0.010872764736183704)
(0.0013650056486287365, 0.04113054397874305)
(0.002350249910473723, 0.01665880049644275)
(-0.011723695937041811, -0.03277166437414025)
(0.008303940023848266, 0.012710207274149399)
(-0.0003921691661861182, -0.029296635012024175)
(-0.003530907208611045, 0.004303797468354409)
(0.011023969261545252, 0.0)
(-0.006230723700050733, -0.017159422377471256)
(0.007053512651000293, 0.008738664468260549)
(0.004871746981617298, 0.010896807235480033)
(0.021297687463448067, 0.08136610254751897)
(-0.013088449408538039, -0.002060108654117765)
(-0.0034576552495381163, 0.06747465330381086)
(-0.008095854924200507, -0.03346849656893336)
(-0.012437230853525882, -0.023074192403265914)
(-0.011995655119949378, -0.00976149577167007)
(0.020506365423041073, 0.05359198038463453)
(-0.009367974021735614, -0.015087230472089375)
(-0.0027739251046947633, 0.015318341825663273)
(0.010684030853527204, 0.022638761358959147)
(0.001954713204948888, 0.025837513158709413)
(-0.002731259657609675, -0.025186750169772787)
(-0.017997433413829644, -0.04427518731810032)
(-0.005577867025017724, -0.023163146300375748)
(0.016426808555606298, 0.0197658607767055)
(0.03033599798916331, 0.08525480503431004)
(0.006901617520409298, -0.010713054943737754)
(-0.006854311682809033, -0.018038348529367254)
(0.002693314154305959, 0.007341713580627962)
(0.023274270109092665, 0.06204161626678495)
(0.00037286719970364146, -0.037801133168980594)
(0.0022363693294531473, 0.0214410931811031)
(-0.014325454088933598, -0.0297922900897728)
(0.0050860247521618, 0.009071529006213996)
(-0.005240476298941754, -0.0178451027104779)
(-0.011139958944743844, -0.027353165522501888)
(0.016989772557798766, 0.06176576689618396)
(-0.010131636224064877, 0.01056207991727609)
(0.005307211743823093, -0.13240754275690692)
(-0.0015083411267792224, 0.03213034101630963)
(-0.0037765491413350727, -0.015556897761961563)
(-0.007960817615734861, -0.03558518223725671)
(-0.010500894183415044, -0.022455295735900882)
(-0.012960331194380115, 0.03136103000668378)
(-0.0015650187023502626, 0.0)
(0.0031506183683946976, -0.012193666115251522)
(-0.010547204602679106, -0.03703256103035113)
(0.0002052966537144929, 0.002223138569661387)
(-0.01007326007570708, -0.006493622654335507)
(-0.0011962104057291478, -0.05578162699413014)
(-0.006786643886501964, -0.140903890160183)
(0.0020097109236778543, 0.037024705333954744)
(0.002406816103798448, 0.0)
(0.006802938871266928, 0.025514244739827552)
(-0.004165474260931723, 0.007555676149527235)
(0.004182898014949199, -0.017380316118741468)
(0.010334191868723863, 0.020112155837584966)
(-0.008654875057171774, 0.009837149706538817)
(0.0035556684347868295, 0.029264898493778668)
(-0.004729366360962439, 0.014236290611206126)
(-0.015097817971683969, -0.05608704175651824)
(0.0020008713476962203, -0.02969947454775801)
(-0.0036072596108588373, -0.040818510670177055)
(-0.0048648037120365695, -0.056101044363116914)
(0.010979016438785738, 0.02260154144403992)
(0.016868011827841922, 0.022102002126970888)
(0.00691964991163152, -0.024225288396290345)
(0.0027457010173566054, 0.016620691253853792)
(0.0025347749219852833, 0.002622218168551571)
(0.0, 0.02174160241977674)
(0.000983253476739554, 0.013399514768402065)
(-0.002541474367579899, -0.01322234180412496)
(0.010551326343337442, 0.047877668217330305)
(0.002908055934363718, -0.0024427545775097537)
(-0.004827564934207551, -0.02299682728956831)
(-0.004850983371427642, -0.028550879410675023)
(-0.0034885531856980734, -0.010723980885289364)
(0.0005782514926531146, -0.002812110216577901)
(-0.001764990706888958, -0.029792363148438583)
(-0.0019558754503221643, -0.0503973183938492)
(-0.0007682056911784141, -0.005899632198662186)
(0.006275888039672273, -0.023738577671831407)
(0.0013564924538616019, 0.021136433004374622)
(-0.006025878580768529, 0.0031135576755423333)
(-0.026066796171455464, -0.009038537941994385)
(-0.008026121085431881, 0.005988774180615275)
(0.0048643652826170225, 0.0)
(-0.013731786426528725, -0.005953122275636935)
(0.0030921763039097883, 0.015109752430590317)
(0.007535352548742047, 0.014613314902125252)
(0.0032376604673531872, -0.01162932146072071)
(-0.0010327077923593109, -0.02353230769230774)
(0.017364195840138708, 0.024099422723033115)
(-0.015877048143088213, -0.00588307692307688)
(-0.018520908626176613, 0.020848808993215506)
(-0.006985995136226553, 0.057946056078393315)
(0.027925377835652743, 0.02455464612421765)
(0.004412380432024854, 0.0027747941281774935)
(-0.012008593602654272, 0.007899669731322057)
(0.004056926797825655, -0.010583182039587191)
(0.008485122753552288, 0.0)
(0.006987403444140838, -0.026740959541711407)
(-0.01410064615044293, -0.03846596003954661)
(-0.0008071285596372713, -0.028574844571975122)
(0.00021002294101957197, 0.05600000000000005)
(0.005443297638282996, 0.024965034965034993)
(-0.0012048579877030896, 0.0)
(-0.0064336609154935775, -0.02174160241977663)
(-0.004856490701029892, 0.0)
(0.002846778261087035, 0.005556201325119137)
(0.023731507921832096, -0.008184214176723548)
(-0.002582751026599772, 0.013822843822843822)
(0.013503209001203276, 0.02198054859402654)
(0.003134894511555686, -0.005376948862741537)
(0.0033282290079565957, 0.06227097941642157)
(0.0013549080378882916, 0.017716074356408207)
(-0.006998662479512308, -0.030003138403598806)
(0.01213820323560233, 0.02062078039731685)
(0.00832520929279168, 0.017773738825369367)
(0.01399610196613521, 0.002367207940529026)
(0.008324126347041272, 0.004951110374544321)
(0.011632619368370678, 0.019706870606666538)
(0.00037093088824158293, 0.03382052681585712)
(0.0020467792894336423, 0.025791943684004837)
(-0.006853066119587248, -0.02969938428105756)
(0.0011177680410323632, 0.0)
(-0.010793026962708896, -0.049507868214769934)
(0.0018811702388175089, 0.009921250077509658)
(0.01990296366854727, 0.053908024805059185)
(0.0007363987158874874, 0.009301873968346364)
(0.0036792841593071834, -0.023030746142301828)
(0.0, 0.0)
(-0.0007331593303508965, 0.018866809776079796)
(0.002729353760080766, -0.013897748139557353)
(0.00020487605003594034, -0.004684804767131845)
(-0.0021946509046900653, 0.0)
(-0.01010293557223707, -0.009433404888039898)
(-0.00370320994322193, -0.019046482961549094)
(-0.010199378524166525, -0.009708147547628831)
(0.0018776380819385263, 0.0098033196209657)
(0.0026237668301953843, 0.03396838265099311)
(-0.008030146697823315, -0.05858946212952798)
(0.00960262904226572, 0.007370853894684171)
(0.016409597901429818, 0.0025836588743515243)
(-0.014484663300958434, -0.039500268008081374)
(-0.0020570610862423733, -0.028375187808542646)
(0.009335603754311084, 0.03702394627551486)
(0.002782176313657958, 0.023070040899795474)
(0.006080193623080321, -0.007579070106398578)
(0.0023909759000892983, 0.017686675198791635)
(-0.00880941231760024, -0.022327134787448966)
(0.014970325098625725, 0.015161419564346357)
(-0.0007272938850756416, 0.004964480079763911)
(0.005822585811662284, -0.009900580806514903)
(-0.005788879563649596, -0.01999916496179699)
(0.004003027745517862, 0.010203646898432117)
(0.0012468647154564305, 0.025262003669105804)
(-0.009571525798914737, -0.019703420332778165)
(-0.000731015526934331, -0.04019889641860552)
(0.003452917423379276, 0.010470631954007992)
(0.0014872273419876958, -0.002487777441266825)
(0.003450484815727961, 0.0024939819132094865)
(0.0007254472383841915, -0.005191883355687321)
(0.0007249213461957282, -0.005197233940764545)
(0.0005215652754593236, 0.01569501825256303)
(0.01342330471345532, 0.028473044226837274)
(-2.857714400650302e-05, 0.05252364610362448)
(-0.0012288523093693104, 0.019046482961549094)
(-0.00804028727751449, -0.02093413454034654)
(0.0070237683181617605, 0.05001693800689466)
(0.003938530284585129, -0.004554684682974819)
(0.0012268538334740953, -0.004556460069014223)
(-0.006739427791287, -0.02514651242961652)
(-0.001434493839165496, -0.018820848313392813)
(-0.004496415797347719, -0.016879242336263256)
(0.0036076077239675097, 0.004887983706721055)
(0.002516247771880087, 0.004843940008107062)
(0.01326678427784378, -0.03864539421932678)
(-0.00019816555320817386, 0.03518452468371702)
(-0.0060169323568333155, -0.009708147547628831)
(-0.008702587989202093, -0.02451853216266553)
(0.01041696600707298, -0.02009944820930276)
(0.005332537008973404, -0.015394497377154481)
(0.00035361679263123946, 0.03646762058017661)
(0.00706983583994969, 0.07034806873255994)
(0.010179296016126882, 0.00938921122784997)
(0.010924556626564552, 0.01396252063307113)
(0.004152115930154743, -0.006798942812272557)
(-0.006339339505141539, 0.011454135251354636)
(-0.024113651087470322, -0.08676338817608142)
(0.01253829970762177, 0.04511293891695556)
(-0.005410606463209788, -0.016878732796676177)
(0.0, -0.014628794343532925)
(0.0038556987235438545, 0.009897315353210479)
(-0.004888404705092553, 0.00490015925517584)
(-0.0016000449138867667, 0.0)
(-0.004372030253707915, 0.004876264781177531)
(0.0024709487036416178, -0.009705204415867974)
(0.008098819686816583, -0.00490015925517584)
(0.018163273864158835, 0.019697156223070333)
(-0.001221302814743197, -0.024145840878908698)
(0.002596724555396168, 0.0)
(-0.001712962328893619, -0.009897315353210367)
(0.008579508018504267, -0.025011454038069036)
(-0.008669851511893922, 0.007796313304996083)
(-0.0010297105828964703, 0.0)
(-0.0043017550620001455, -0.0026493154168962807)
(0.005700640460574613, 0.007756550566334397)
(0.0013724763593845335, 0.020264855974020612)
(0.000657885719906881, 0.0023768679081495048)
(-0.0010272706106891905, 0.0)
(0.005827186224389935, 0.024743288383026085)
(-0.0018538965911273353, -0.01931667270312687)
(0.0013656911082722267, -0.009848578111535056)
(0.016024985342205644, 0.02486634340420224)
(-0.0010067384361390763, 0.014578025799668382)
(0.010064093091582293, 0.05031985491938862)
(0.010136753048421543, 0.002181997571341965)
(0.0038059367353038276, 0.03182566879342663)
(0.0014824921614580155, -0.006513761467889845)
(0.014894676171520072, 0.055332902391725725)
(-0.004517702942567259, -0.008400273008872694)
(0.012317985557998457, -0.016942870757663986)
(0.01489631499019084, 0.019479003967612707)
(0.017820182748676805, 0.02315711619061034)
(0.013329530803058542, 0.028932376379064095)
(-0.007341874381911473, 0.0)
(0.006607250719298463, -0.0040145863303334695)
(0.0072129220307739494, 0.04032447683987761)
(0.010638556562635904, -0.015514263112861748)
(-0.014436437571094696, -0.011806762651274116)
(-0.0021361522409197864, 0.031877468388038954)
(-0.0155967118490965, -0.011578727304890402)
(-0.015234923517631782, -0.04485625498267243)
(0.026196575269764377, 0.03876946138384496)
(-0.0006148322124055472, 0.015758748483158946)
(-0.0012550293457767037, 0.001856545533797327)
(-0.014931441034725657, -0.0018531051596893944)
(0.0014257306872513809, 0.01162358942899111)
(0.01155195883978033, -0.030656049024144982)
(-0.003086495963449565, 0.007918738270060288)
(-0.010836181703159364, 0.015680381555951195)
(0.019092809839291514, 0.015438303073187276)
(-0.0018427971206707028, 0.0)
(0.01060949192796401, 0.00563799629412598)
(-0.00608939227979155, -0.030252444920392474)
(-0.001985050851985526, -0.0018675500990613658)
(-0.00567233081336882, -0.013601679058946048)
(-0.007717383252892174, -0.003958632292543007)
(0.015081942736302922, 0.037690231341182656)
(-0.013178380103744392, -0.015320045321800646)
(-0.015068697361820482, -0.0001620666742299104)
(-0.002673897963563543, -0.021363850031608123)
(-0.012823593390882904, -0.011958592132505164)
(0.012503362843392374, 0.04226107655943534)
(-0.010906560386762743, 0.005886705053559371)
(0.0028526473340397818, 0.017220978573712742)
(0.006403387929212023, 0.03599666755741393)
(0.025501280138816362, 0.020013048689820456)
(0.008948214066711868, -0.01962038497010088)
(-0.006259646717008849, -0.014596325124797138)
(-0.002157218052009857, -0.0036954345985062975)
(-0.00016059692645242762, -0.013090178502434102)
(-0.004472725027105828, -0.020639543988223874)
(-0.0065158303662549155, -0.023073233130796234)
(-0.010618628824747178, 0.007872726975137967)
(0.00252531629635655, -0.003913735424989406)
(0.010390689943825526, 0.0)
(-0.0062326265546774895, -0.00784192249376403)
(0.0026466640748681325, -0.00790390429867227)
(2.5020642034467855e-05, 0.006062111801242276)
(0.012510008008812745, 0.003951202647305863)
(0.013282099439116513, -0.007887702727078949)
(-0.0049017814692592365, 0.013834710743801715)
(0.003234937323699283, -0.011754732054062078)
(0.003969562616015887, 0.00395935066649078)
(-0.00030414365318709446, -0.003943736032601564)
(-0.0012169447387672117, 0.031740794509700354)
(0.0030460687442503964, -0.007691077710265448)
(-0.013362000901395388, -0.007750688860600263)
(-0.01754429164485327, -0.04688362726947937)
(-0.008295947268448178, -0.04704298785162975)
(-0.0055347755772992, 0.002056141605578432)
(0.008577092176827339, 0.012882505129806487)
(-0.013543648346520443, -0.004245424278189747)
(0.002235050704160857, 0.004263524749672731)
(0.01656620748862503, 0.029665122342205752)
(-0.02413097163665967, -0.05762091324357155)
(0.003057239749859164, -0.023927527549334582)
(0.012319750021636766, 0.02451408909141639)
(-0.017394494487749435, -0.030572045821759875)
(0.0070809676478176264, 0.01803404558137789)
(0.0009587972848745796, 0.039807218277473355)
(0.04775345475918513, 0.029791600325513867)
(-0.006436120288394465, -0.024789555059268165)
(-0.03772589530702619, -0.038138355030211346)
(-0.00828722237967583, -0.008809201128163746)
(0.007559395249875367, 0.024537610169804713)
(-0.00796202725619477, -0.010928961748633781)
(-0.01414827391338258, -0.008770490308699364)
(0.0029354973390716133, -0.01328133622751193)
(-0.018537067634737614, -0.026901565995525734)
(0.013068603544176938, 0.050692568538421856)
(-0.0003009132062254949, 0.05490217530040287)
(0.012589810370152055, -0.014640301448473725)
(0.00258488103136445, 0.02110267160173307)
(0.009668312430210824, 0.0)
(-0.00031919104228528283, 0.020666552138807637)
(-0.005108687323796213, -0.016191742547927213)
(-0.00032093250153963915, 0.020564233289421807)
(-0.0016051776613805746, 0.004040031515598619)
(0.0009646550395487896, 0.0)
(-0.005139868677371373, 0.0080308545096337)
(-0.009519135142612045, -0.021830227743271147)
(-0.003912056960334143, -0.01222547708146371)
(0.010473123349319602, -0.0041141681666237995)
(0.005506179878277395, -0.016559084258542023)
(0.009496076588964009, 0.010431799485411064)
(-0.0016082095270426588, -0.014498778776697918)
(-0.0028636444995531196, 0.006257470294593226)
(-0.0012820841562568575, -0.004209754052543313)
(-0.0006418650030793893, 0.01689266230462927)
(0.014451238313409887, -0.012454717957564254)
(0.007914097224643202, 0.004209754052543424)
(0.009422347296979217, -0.03572857416201347)
(-0.006397172301717768, -0.01738973572652669)
(-0.0024801463040579064, -0.04194892695195607)
(-0.0009668993924213387, 0.006840915187981356)
(-0.005631041115230606, 0.006965723312334582)
(-0.01122473486838349, -0.011472528303313245)
(-0.012783963798328912, -0.004607854384153565)
(-0.010035870144314507, -0.004629184994525692)
(-0.01748901214248988, 0.0024121960632961237)
(0.01897192155998284, 0.013918567715853314)
(0.0017965401905983835, -0.03660666818561553)
(-0.022015429064001335, -0.06422940480882933)
(-0.004614225417860607, -0.03553000147427399)
(-0.003737967162930067, -0.04736428353059341)
(0.006892099973857535, -0.011048710601719192)
(0.0038398354554922687, -0.011172148436594531)
(-0.0031599044717453006, 0.02259675113100945)
(-0.006506680192999492, 0.016573065902578676)
(-0.014099455235968228, -0.008049968431496302)
(-0.020446679207404173, -0.008319883612557089)
(0.03651640456784455, 0.033146131805157575)
(-0.011911072938488476, 0.026735594950189734)
(0.0143161783711645, 0.02083153254386727)
(-0.01724091755514079, -0.05611769686706192)
(-0.002268716915020619, 0.0)
(-0.011949797197381318, -0.04323936396869177)
(0.005929673247238698, 0.0338951266965144)
(0.0025282712950367436, 0.002834017276169387)
(0.00290566192958841, -0.002826008319768536)
(0.004783185055602379, 0.02731992654227211)
(0.007535057058552175, 0.010637358757062065)
(0.002983382157024428, 0.010525396340131943)
(0.005551966406705633, 0.015623649407900508)
(-0.017065874278214488, -0.07691653013893918)
(-0.006468261264640618, -0.005555043333947962)
(0.01678990687095494, 0.022344296873189062)
(-0.01263724043370229, -0.0327839118507266)
(0.006826124946824663, 0.011298375565504726)
(0.01221050062629292, 0.025241638272720968)
(0.0006631077651955142, -0.013723096400795831)
(0.00769766258960658, 0.027621776504297868)
(0.000996373201749945, 0.01612759312960077)
(-0.0052556139523392, 0.0)
(-0.0028885153170620237, -0.010581081377735835)
(0.004683182691920917, -0.0213884759601517)
(0.0003862263686855716, -0.005463985308454378)
(-0.012201372573707014, -0.016482013404458984)
(-0.004043235667567924, -0.016758222654891797)
(-0.00540610030153954, -0.014097123998114025)
(0.0017551378603237744, 0.017287552006121087)
(0.0022002648471541875, -0.014267246444940596)
(-0.001402638587083227, 0.01447374695979775)
(4.7498846466487166e-05, 0.014055705723351686)
(0.0007938715829556298, 0.0)
(-0.009152790586060666, 0.0026887328187654713)
(0.0, 0.0)
(-0.0018816799642679127, -0.005594211609144861)
(0.007252983802285451, 0.005625682869563109)
(-0.003961096857134416, -0.0026815229200859436)
(-0.006498254150750893, -0.030920427415803364)
(0.010034663954364254, 0.026118778253486186)
(0.007483572232680258, -0.002913684995687782)
(0.012503886345653026, 0.005634000374041603)
(0.005173426611833953, 0.011251365739126218)
(0.0021052072338425543, 0.02220638606009051)
(0.0006627080904755278, 0.01088447612836485)
(0.007834644627944254, 0.043002380369735915)
(0.006406928683965196, -0.015463697636720397)
(-0.004296329185866532, -0.010463831538811474)
(0.0050821005151373555, 0.01057448112794468)
(0.009675672503589805, 0.026170410970774993)
(0.0054408932897851425, 0.005109042160153843)
(-0.0035283683392154375, -0.032892940410426674)
(0.01982624623894713, 0.03926764111808523)
(-0.004426989458302333, -0.025265929656642427)
(-0.006619193120382061, -0.025899403970670365)
(0.0030374922469991184, -0.02128362019632868)
(-0.006534739312998639, 0.01088447612836485)
(-0.00433167125588485, 0.0)
(-0.00891372443039995, -0.016128673444417263)
(0.010294528879416509, 0.03823542712431616)
(0.0049371113724263616, -0.026308338959426747)
(-0.00960793231080781, -0.016215974412310707)
(-0.011156311240667627, -0.016483266642415506)
(0.01047116994769115, 0.0029126886890589176)
(0.010518003587924873, 0.005554915293304097)
(-0.006200279269999109, -0.019483794067757576)
(-0.005691119791788268, -0.011314755937909093)
(0.017177564160007597, -0.00569847725338124)
(0.0058946858621942155, 0.028727021949537468)
(-0.009135486488609623, -0.022353729859682314)
(0.012627554284983411, -0.00569847725338124)
(-0.005834106795594818, -0.0027585550878694853)
(0.009361404847658239, 0.014284010969357164)
(0.003888528840675143, 0.03136314477829516)
(-0.0034535278012514103, 0.013654600164128672)
(0.005031573122310062, -0.010861987541322726)
(0.009280582744784382, 0.07691433248453983)
(0.013950979361412541, 0.0)
(0.0001589932061278887, 0.002660079802394133)
(0.010950444806560045, -0.012822942328343134)
(-0.0010583866560579525, 0.005161675624946627)
(-0.0061572552093855926, 0.0)
(0.010916578337024418, 0.056401986164749784)
(-0.010846902006277692, 0.0)
(0.0036552824931004313, 0.014562911778884802)
(0.00940842266452302, 0.019145102852956786)
(-0.007667051524004931, -0.014084233429170867)
(0.004441858915754215, -0.004768378948198038)
(-0.007740386357120488, -0.004791225326179482)
(0.001976032249215942, 0.009628583364831744)
(0.021438627155147216, 0.04760497330101887)
(0.005596183665156795, 0.013636278142456826)
(-0.005269656350834762, -0.008962369182810126)
(0.006532881179963201, 0.018105562732872782)
(0.005263188950618947, 0.008882595262615922)
(-0.001168039161805301, 0.0022967972438432405)
(-0.0020626189976228337, -0.011075747931253987)
(-0.0013190359263023366, 0.020082389289392433)
(-0.017105255402668162, -0.037120501911011794)
(0.01379757162994033, 0.045254545114119304)
(0.011242869655766707, 0.008651882635331232)
(0.004388634023821725, -0.012875384041627358)
(-0.034955664571708955, -0.013043321819228626)
(0.017205365662493532, 0.013215698426876088)
(-0.0032166935719480927, -0.017397092688543614)
(0.003375924360859983, 0.0)
(0.008503391270296534, 0.01986560960872996)
(0.0008825917602830469, 0.013051595992962683)
(-0.01371513897628518, -0.017172021478317867)
(0.004965101240099745, 0.004363505228993869)
(-4.1517401729973535e-05, -0.010771606046461546)
(0.009679887544249643, 0.015298900221407674)
(-0.004153228886545679, 0.006577888998123171)
(-0.0032444166544745023, -0.00861257613694888)
(-0.016428757430257734, -0.006591674428602201)
(-0.013941370432675626, 0.004363505228993869)
(0.0038137894429264296, -0.0043445477720727155)
(-0.005160968731208859, -0.015200144248106784)
(0.0017781308243238758, -0.024461248329274765)
(0.018762275386879246, 0.03417728646234108)
(0.0016405024490813158, 0.024082610431563456)
(0.004339613619772864, 0.023693490935511763)
(-0.013539893587843355, 0.01677457327839904)
(-0.003776840607167764, -0.014522856899633951)
(-0.00090842473112418, -0.012560035935178404)
(0.0019700432200848716, 0.008485696789432229)
(-0.005287484271625953, 0.002185981956974281)
(-0.004518860007414194, -0.014766471626908584)
(-0.001527379810769891, 0.01702598703283953)
(-0.003212404163880578, -0.025102795342247908)
(0.008851839121644334, 0.017172021478317978)
(0.016732990158049965, 0.042196592215756556)
(-0.010323406905716759, -0.01215312604480101)
(0.0008042522571958255, 0.020493121012641113)
(0.013135634186510092, 0.030031175378084418)
(0.00025644389847134796, -0.040859695725670164)
(0.010433994552387915, 0.032529331789113325)
(0.001770214373282064, 0.023620255222303488)
(-0.01354766126380147, -0.07308474145597765)
(-0.003582709842959275, -0.012438748586505843)
(-0.004446548532320294, 0.004198473282442716)
(0.0003009709322832066, 0.004180919802356575)
(0.006119906848568668, 0.0)
(-0.0012978779399024365, -0.00832702498107496)
(-0.004090334713502064, 0.008396946564885432)
(-0.0018040121232952844, 0.012507742068680772)
(-0.010090604594752195, -0.008241151382304412)
(0.0036574753081624056, -0.006133707980673586)
(-0.0031893864984546827, -0.006343952558267807)
(0.007603591329679249, 0.029406662040249776)
(0.006942515969076357, -0.01633100193814785)
(-0.0036991294762094284, -0.004146249528835244)
(-0.018853164362405028, -0.00832702498107496)
(0.019319701192267447, -0.03782095766828586)
(-0.018502250358428007, -0.013090515686981608)
(-0.00990675633612359, 0.006723426024043411)
(0.0076839726338902015, -0.019872236942397703)
(-0.0021444459468495936, -0.011128187086859143)
(-0.010572855411893789, -0.02054076321012621)
(-0.020699527014170438, -0.016326062436674338)
(0.0018620435454916873, 0.016597026528034187)
(0.00924216762947827, 0.020799480012999805)
(-0.010577986727709376, 0.0)
(-0.0169862978924199, 0.0023596831282657327)
(0.014856507722005086, -0.015955757337966947)
(0.02425404022226796, -0.011429873360040976)
(0.004190109105274509, 0.020876947010582514)
(-0.007738548497409847, -0.0319637280355195)
(-0.010188483833275086, 0.004722573122145635)
(0.01896045283576897, 0.018782157917134112)
(0.0011939079765221905, 0.007006018720689511)
(-0.0051035854860272956, 0.006768731852633936)
(-0.0055893330694255505, 0.0)
(0.006763635002330126, 0.02726744948218074)
(0.0038274484511411355, 0.0044300220589574835)
(0.004171275669587748, 0.0)
(0.008467900749929536, 0.0022869173805721843)
(0.012961335679059438, -0.011082539567563665)
(-0.0065784717716235175, 0.01333089177806257)
(0.00010309028285049315, -0.008764321081354609)
(-0.014649438218606203, -0.024246622791825434)
(-0.0014399556939436176, -0.011434336640322895)
(-0.006470657111862899, -0.013758953714728572)
(-0.005532777989035176, -0.009294214590958694)
(-0.002027081813410936, -0.00940075051259226)
(0.01885577860916099, 0.018960399906271963)
(0.007410088272234994, 0.018607592510970994)
(-0.0059368321075002894, -0.027392105956278057)
(-0.0006615458121721485, -0.04226469109056452)
(0.023598494604379683, 0.024518813240967052)
(0.007185800858829472, -0.014351331637983633)
(0.002972722300717434, 0.004860097201943914)
(-0.019259496375685248, -0.031308467019624975)
(0.009362514885661755, -0.0025889169697342895)
(-0.010928405472803271, -0.025008755124322768)
(0.004843465258120627, 0.03589765260199873)
(-0.007682064940479849, -0.014848657909765861)
(0.006423956867183556, 0.005031055900621251)
(-0.00859707759851669, -0.03001462620769213)
(0.0010162539784899227, 0.0051607696555240334)
(-0.012109716955868821, -0.03076337974603316)
(0.00041845123820261065, 0.018616615438275197)
(0.0004551829344168201, 0.0076829242194020875)
(0.0004611241593042159, 0.030943380197935744)
(-0.010852932321789521, -0.007416105308695409)
(-0.008598676650396597, 0.007471514849635819)
(-0.011543450879891615, -0.015017613250108086)
(-0.006022988798415785, -0.005061279123269258)
(0.013822004225217066, 0.025498192213907256)
(0.021239917963670196, 0.02248642000614942)
(-0.003548502360180339, -0.012248907421514743)
(0.0006182533108640698, 0.00984351849972609)
(0.00422623975958647, 0.012300024117694486)
(0.012256198857916178, 0.02890724269377376)
(0.008199511313090602, 0.020974837912936195)
(-0.011756123736890167, -0.013758953714728572)
(-0.00015251249080172613, 0.018607592510970994)
(0.011946600285349218, 0.004571622079241333)
(-0.00803718933668951, -0.009101634923310287)
(-0.009725202255634446, -0.02292528963731555)
(0.0, 0.04224534798251378)
(-0.0013810374355822663, 0.0)
(0.0058391109810915776, 0.004509854868045116)
(0.010693814699589632, -0.004489607390300243)
(0.02388207695914546, 0.031531865929252945)
(0.010381113225700123, 0.026196002230978177)
(-0.00998223302966117, -0.021266896926556478)
(-0.0018654513687300645, 0.002257093723129877)
(-0.006109533949538615, -0.02168007149240392)
(0.02305307444172966, 0.02429800683267258)
(-0.006206338959120594, -0.004334100272887831)
(-0.008919896521442094, -0.013076812840355334)
(0.019730703363887603, 0.006534286855192972)
(-0.002606112202281685, 0.0)
(-0.006625208309113617, -0.010873877447974967)
(-0.005015197569291141, -0.02659933273778048)
(-0.00881789663070176, -0.07525471980821097)
(-0.006815986155900733, -0.02462834690322846)
(-0.012979572840165488, -0.10606752772125094)
(0.0009552830783658983, 0.005644599303135989)
(-0.010419560991100196, -0.016838749913380857)
(0.0168956656057222, 0.020110891833474254)
(-0.001806755224017187, -0.05893597420543539)
(-0.006464376775141334, 0.005946991018330516)
(-0.0032804546643643295, -0.023671662125340553)
(-0.01872126986790079, -0.006055169320475451)
(0.004542191639271831, -0.033418572001604474)
(-0.0012813404795134486, 0.044170665283361554)
(0.002356250231754453, -0.021262854587907998)
(0.0008738246444819353, 0.030861377595045925)
(-0.002151912743419526, -0.04192722438327845)
(0.00986469167634163, 0.0032635230630861933)
(-0.008242981874309052, -0.02817478612775992)
(-0.004921683708928204, 0.01283538031732645)
(-0.006751326154635917, -0.037992141351583464)
(0.0013507288958978236, 0.013173199166869543)
(-0.007925604989363344, -0.019489534387014174)
(-0.016397654079704616, -0.03311005826934599)
(0.00859987641827642, 0.0)
(-0.001105293408245056, 0.006843142776682631)
(-0.0033701329090867205, 0.03401113193298477)
(-0.006661548906585879, -0.019719224214882702)
(0.008622286376565924, 0.0)
(-0.006173973063683502, -0.04028697571743933)
(-0.024161176460333, -0.23076480736055205)
(-0.016382203536989492, -0.06836360917993578)
(0.01211457400094762, 0.0487863590772315)
(-0.009667475570915296, -0.023067212424926264)
(-0.007894248855882968, 0.009515232202991664)
(-0.0003337694588280149, -0.009425545944687919)
(0.004614234011391938, 0.023611872503719766)
(-0.01694306889907493, -0.01377147010443358)
(0.017235084116746346, 0.013963771769908151)
(0.004991857490468821, 0.014154010940667927)
(-0.029101298982085577, 0.01833201312662669)
(-0.006641870352082857, 0.02704004148609096)
(0.002228759918451839, 0.01756410718793955)
(0.0017106181493344863, 0.04309917062451274)
(0.009733872512223796, -0.024804621134896343)
(-0.009470914148134502, -0.008466898954703761)
(-0.0008537026794398495, 0.01707839898794683)
(-0.014012686610920033, -0.042013612963410885)
(0.007161377093440002, -0.03509214844736175)
(0.008721150340161632, -0.03636839351125076)
(0.008864110929488023, 0.03285365191420042)
(0.015394501000870475, 0.009163286765810463)
(-0.0018385169300534354, 0.03163143792795475)
(0.0001735126297530698, 0.004581199047687612)
(-0.01934997431521368, -0.035082049624762135)
(0.012927720437350132, 0.018197380172670474)
(0.005031201511072059, 0.013193962208983612)
(-0.007291805909800608, -0.013022148474136075)
(-0.010826168629245014, -0.02678995650743765)
(-0.013565113226954528, -0.013970256872465114)
(-0.002063093398539162, -0.01374923826934793)
(0.0039756895236939815, -0.018883954431357486)
(0.01618412716246098, 0.019247421868849868)
(0.009427057214918433, -0.014327090171847745)
(-0.0012823525465067709, -0.014182729979627107)
(-0.005263724001787984, 0.0)
(-0.0054064647813852895, 0.019434067244257225)
(-0.0008493521143848604, 0.019024599430821354)
(0.009690845043715424, -0.028042388767741677)
(0.010944898332581943, 0.009643391324883899)
(-0.011106225351386612, -0.03812716853144138)
(-0.008138571305138731, -0.039597941069184794)
(0.007981198336144857, 0.01033929777177578)
(-0.0026954904450452455, 0.010191721314899205)
(0.0006756939378145255, 0.020177796154641214)
(-0.0028224935183046584, -0.015036679771409989)
(0.0018147591385029305, -0.014854744465476077)
(0.008955970423502935, 0.04080865460924765)
(0.00803906988127201, -0.02941648607432379)
(0.007808813660042713, 0.010088898077320607)
(0.01302375268982181, -0.0099881288632363)
(0.010252504542448415, 0.0)
(-0.006933168382002974, -0.0355592309282613)
(-0.003568647807616232, -0.02096463022508044)
(-0.0037377091887413894, -0.026493256262042242)
(0.0036471541746987413, 0.0)
(0.004669367129112034, 0.03292699383743414)
(0.009606471730238209, 0.005138701389191258)
(-0.005129917241772808, -0.02625536155279229)
(0.0017166384866014184, -0.016551724137931045)
(-0.0014431130011880455, 0.04999321359091513)
(0.0017742393355608677, 0.010513615994484748)
(-0.005796317407489759, 0.0)
(-0.006911919986348991, -0.0104042299164252)
(-0.0021721546735038455, 0.18946053085143055)
(0.013394695729335382, 0.004238362615468283)
(-0.016765578638342604, -0.021859894668494362)
(0.004428523629527836, 0.0)
(-0.005552071903712874, 0.09009440920489764)
(0.005142992263561963, 0.0)
(0.00043782551028548333, -0.008254677086504958)
(-0.0062052568335615454, -0.008323383933140027)
(0.0048177408551539624, 0.06721475009459588)
(-0.006102865666231194, -0.02362610797743747)
(0.006304871468771678, -0.008054931995246428)
(0.005395542302137457, 0.024394302449414207)
(-0.002003525685210006, 0.03966732724732802)
(-0.01173894056459801, -0.034497843884757295)
(-0.011040759796463018, 0.019936565473493317)
(0.012998012620542898, -0.01180427746398427)
(-0.002955989335336584, -0.035129407231391685)
(-0.0023176577794811193, -0.020500532481363187)
(0.01941824680232629, 0.020929600434900886)
(0.0022658070887282555, 0.020167731629393115)
(0.0019497596811721696, 0.012102825079924218)
(-0.007648097028267076, 0.007864625302175687)
(0.012866784804788978, 0.0625219866321276)
(-0.00932649819121878, -0.01471827594509989)
(-0.0029216795118193195, 0.0)
(-0.001413027199428818, -0.011394531846647293)
(-0.01896266155811699, -0.015141215005253117)
(0.002878109089563985, 0.015373995983935851)
(0.00823176187708885, 0.0)
(0.0009926308664192085, -0.011185958840615573)
(0.0017994115796426957, -0.026968749999999986)
(0.0026221598736164697, -0.007900568455535328)
(0.008826644699904573, 0.0)
(0.008315186396639307, 0.007963484510051577)
(0.0163389660590616, -0.007900568455535328)
(-0.004060181760328629, 0.02382570975365006)
(0.0036004800647120305, 0.0)
(-0.01186996191213463, -0.011793720555221765)
(-0.01611064865528411, -0.05868048889742117)
(0.0021151418125469057, -0.058327668252889264)
(-0.0012988784187452085, 0.044253537395321896)
(-0.008512215583804772, -0.012893190459730475)
(-0.0006493080607331558, 0.02164092866897782)
(0.0009778763677477098, -0.012750642673521884)
(0.0031209021773932477, 0.004409262924000901)
(0.0075165363815477, -0.03390943657103351)
(0.0016218390360431822, -0.03506386632795455)
(-0.007396564679315487, 0.01816900886202677)
(-0.0024469181885974356, -0.02680359809170041)
(-0.0005429130228266077, 0.04587808255061199)
(0.014064504309227788, 0.021753908905506325)
(-0.008060924845900375, -0.021290751829673882)
(0.00016265875497745164, 0.04386561236537978)
(-0.004339029801611383, -0.01679520137103696)
(-0.0021299672015467896, 0.02119574690604842)
(0.004373788697125569, 0.05455228211518115)
(0.013201126498775695, 0.07144475737269751)
(0.01243718674041916, -0.02963925312707727)
(0.004086327644201804, 0.011613787090948957)
(0.003481078755337874, 0.015081563558017708)
(-0.005058436931355659, -0.052334748332322545)
(-0.00031062791219738095, -0.042970499776028626)
(-0.0005897422890761561, 0.003911604426465098)
(0.0019098621222868317, 0.012421739709604473)
(-0.005756662276934943, -0.0203282786750435)
(-0.0020191725855098763, -0.03290467716482559)
(-0.008022823882401164, -0.004096795472693926)
(0.018170002770276028, 0.02119574690604842)
(0.004436159121213867, 0.11750247499402589)
(-0.0036238494599551974, 0.04854131663357264)
(-0.002153171982662516, -0.032018412772404026)
(-0.005435676771291975, -0.011196388261850987)
(0.0008016746093406635, 0.018811067482421562)
(0.003382136977209127, -0.0038242060290996083)
(-0.00015839928026450956, -0.03676933689230144)
(0.0006336974982859012, 0.015287853784599958)
(-0.0067002735852553785, -0.0075441609420999756)
(0.0035066243328354396, 0.015172115444039402)
(-0.018583699716459234, 0.0)
(0.0009710560560227677, 0.09344656500167403)
(-0.012611482272059105, -0.02054394120758285)
(0.005783678630374878, 0.013983231490692027)
(-0.0011396642225866005, 0.006895198587325124)
(-0.0029860671936307037, 0.013723798123764563)
(0.0021775949677742545, 0.0)
(0.0038693932955684573, 0.0034874780316345166)
(-0.00634396510946067, -0.010234518238787293)
(-0.0004382780253513463, 0.006829052503525057)
(0.007146409781287666, -0.020293277680140553)
(-0.0016244736708554974, 0.027608823611850797)
(0.008786431148681828, 0.0)
(-0.0073614802977270966, -0.016665757460040287)
(0.0057911670090551315, -0.01719785858922096)
(0.00937019373869652, 0.013886144901357644)
(0.00400138287871088, -0.006847980402527654)
(-0.0036602240778507156, -0.017097850155562422)
(-0.009926590592494122, 0.0033649870248382285)
(0.0012928582512785614, 0.027966462981384055)
(0.0029116310304306836, 0.03077220824462934)
(-0.002581317953223583, -0.023228367576846765)
(-0.00010971564289097291, 0.013510544815465764)
(-0.00032272847568837193, -0.00666522163216654)
(0.00511366938162916, 0.0)
(0.013387207639264265, 0.023621188151219163)
(0.0050711546395108, -0.013110211042421605)
(-0.001791176563685215, -0.02340965547035334)
(-0.0017375261422083454, -0.0068014045176807425)
(0.0012721841061744676, -0.0032848036077165466)
(-0.009646200625149648, -0.024186566122049946)
(0.00797850272383216, -0.014081685222816831)
(0.008713217369875403, 0.003715853339913533)
(0.005022065702144474, -0.014229934924078202)
(-0.0009431781983987308, -0.05427925945486023)
(-0.0057331849510234845, 0.015263860019235187)
(-0.022530481866158025, -0.01503437738731872)
(0.006162911880586375, -0.0076319300096174825)
(0.007461446000291527, 0.02307187294838542)
(-0.001427927728096634, 0.0)
(0.018907376104774, 0.007517188693659138)
(0.007017171800424826, 0.0)
(0.004032308017071218, -0.00357890267204497)
(-0.015120575954306714, 0.003591757221562464)
(0.0, 0.0)
(-0.014563471683901263, -0.04476661308422536)
(0.0003686729680802969, -0.007842514684870627)
(-0.004606713730178402, -0.007872503840245848)
(0.002712985305727722, -0.039674859686471886)
(-0.011516498070107128, -0.020824936181647047)
(0.028878727383838454, -0.020924807903402787)
(0.006835509597320488, -0.02585663233130131)
(0.012894321278718479, 0.048482232772263156)
(0.0015406334400160926, 0.004390779363337094)
(0.012563506998097607, 0.04200819672131151)
(0.006784851805816228, 0.008062930186824024)
(-0.016460064208116187, -0.0319937573156458)
(0.0017847974380511555, -0.008262797259169674)
(0.017694147511497782, 0.033326559642349096)
(-0.011690927842152865, -0.024188790560472073)
(0.012181065966870852, 0.09092435845761115)
(-0.004189291237422399, -0.003633116783152257)
(-0.010815202674206548, -0.017335681839250827)
(-0.002658830115247257, -0.032830188679245254)
(0.009303261938898855, -0.007998439328911422)
(-0.0036265609329424464, -0.024188790560472073)
(0.004780219114489226, -0.01850732231627028)
(0.011241653285834374, 0.010437698915163773)
(-0.008656923151993845, -0.016663279821174548)
(-0.0022162533278018426, -0.004408624371426639)
(0.014763577544720796, 0.042551719366221485)
(0.008808974330084096, 0.04930979559331039)
(-0.004551752602458992, -0.03329960154322942)
(0.01730112004485118, -0.01802479636232779)
(0.006264774038408305, 0.008195082950229748)
(0.014846959442555319, 0.01625693893735125)
(-0.005986453511962697, -0.023995317986734266)
(0.003280832368399267, -0.01449130521686992)
(0.01330909340610753, -0.023019977689889393)
(-0.008744908208191293, -0.03418448550273334)
(-0.008685456699453864, -0.031167156265673124)
(0.006797956021181495, 0.009133264310013267)
(0.01634408111878205, -0.009050602762815552)
(-0.008641005500313548, 0.0047700044372134265)
(-0.018168440120891027, -0.050196886615390124)
(0.003608693146428976, 0.03367042504552664)
(0.002630732469907082, -0.01851713021965662)
(0.0038727270650869006, 0.018866483348609853)
(0.0070535867158423304, 0.002249044156233504)
(0.007888205094707779, 0.027713366743959966)
(-0.00860236818284632, -0.05178499945412851)
(-0.005569166554213467, 0.004912496162112312)
(0.00583988229089738, 0.02341124350748558)
(-0.010149118332552498, -0.041310594469530115)
(-0.011364417461047549, 0.009614636045153668)
(-0.015597116969570113, -0.04302733546670778)
(-0.006097560976713989, 0.019499617259578494)
(0.02612691570222836, 0.024975301323849175)
(-0.0053439519861750995, 0.019046150287234553)
(0.0, -0.023532972645756822)
(0.0030518583850325243, 0.014529815180750916)
(-0.01523600185370666, -0.02829972502291478)
(-0.010960609942890054, 0.029123924065558304)
(-0.009217246705568338, -0.014321723189734237)
(0.0231615795952278, 0.026424890542058987)
(-0.008986947251637623, 0.009323921331773066)
(-0.011988791546181043, -0.0022439973072031494)
(-0.0024531801596091585, 0.05075342979233821)
(0.01777831094378013, 0.04651826484018251)
(-0.009217133025409718, -0.03603081538041997)
(-0.001724958363389817, -0.01290710421160568)
(0.020199010907594017, 0.004227269470516548)
(-0.004684032240066194, -0.023972602739726012)
(-0.019739698861665933, -0.038633040935672436)
(-0.005136063788703238, 0.05185720260046378)
(0.03404414065950756, 0.107131239382658)
(0.007401631618860982, 0.022265025627631996)
(-0.008791284961649382, -0.010123590840864782)
(-0.00959185100752391, -0.009872241579558572)
(0.0009531766673491759, 0.026067122841316293)
(0.023301199157753194, 0.05712924738012082)
(0.01908274166831614, -0.009222265613265668)
(-0.006707777641153045, -0.024558850281972022)
(0.006469333092335772, 0.017499689170707544)
(-0.006258598526086345, 0.0036352527875362917)
(-0.0025532494358940783, 0.0)
(0.005688411568949503, 0.015036220855908056)
(0.004954863233062268, -0.0035384430850426973)
(0.007508217390646887, 0.029732169726151225)
(0.01090466241542476, -0.009264129990063763)
(0.0004863006886401955, 0.01283147989734812)
(-0.008185764945107143, 0.0)
(0.004544340737229202, 0.00346575023299156)
(0.010256125958064022, 0.007197794224350629)
(-0.0041595785552762665, -0.010575454571650988)
(-0.005874184448183328, 0.007222739981360915)
(-0.002494373801740224, 0.0)
(0.008835493122051341, 0.0034408975248669815)
(0.002346512729953787, -0.0034290983488458604)
(0.004550150573384926, 0.0051758038399258854)
(0.007549234136938088, 0.019676092397088896)
(0.0013573677926037586, -0.010353485485372627)
(0.013826383996234037, 0.02457240592930443)
(-0.0024708524979999424, -0.0016415335818819043)
(-0.020577102481439513, -0.03288465289970177)
(-0.0008649003723811832, 0.01086361409676373)
(0.000197236497551323, 0.005074116305587406)
(0.00930115360754491, 0.01602473197572185)
(0.010355158042715695, 0.0)
(-0.010657269935798075, -0.010496050023727665)
(-0.0073297860800604075, 0.0)
(0.01414428704498838, 0.0016644567946511035)
(-5.393277819421005e-05, -0.018982707148087585)
(0.006957703635341206, 0.024776067983463435)
(-0.012801559757005476, 0.01053368819162337)
(-0.0009549336431227129, -0.02417454464805524)
(-0.009623635476544323, -0.026478024943890288)
(0.011866767569095549, -0.012460968278518725)
(-0.002709703992387791, -0.007299054373522407)
(-0.00971622958287044, 0.0017563182805941935)
(-0.004346060560234233, 0.0)
(0.00925915719780912, -0.0017532390348269367)
(0.004914756283522559, 0.0)
(-0.004619012944876877, 0.007352722293334946)
(-0.004116349661119956, -0.012884160756501228)
(-0.003080836321496805, -0.016614776673452458)
(-0.00802833010869608, 0.01872203111205817)
(0.009567839643309206, 0.12237030839110674)
(-0.011673493594179685, -0.04305226443728527)
(-0.00036667481505858746, 0.020700016693561807)
(0.0057911410002677854, 0.050809573134165564)
(0.011371924940598133, 0.0192996108949417)
(0.007058952085544412, 0.06308851224105472)
(0.008680461367970738, -0.02374739664376524)
(-0.012682737924453513, 0.0)
(-0.009446296661059117, -0.03354503322625735)
(0.016498927572499822, 0.03772866820592191)
(0.00973867878753265, 0.0)
(0.019021593530436087, -0.006063569682151493)
(-0.0006520138816913379, 0.039752041719964604)
(-0.005135328535579076, -0.00889561843474962)
(0.008112968057169656, 0.008975460708488425)
(0.013021079251265055, 0.014550014195135796)
(0.005354849402187334, -0.011566354965837355)
(0.003997321383212293, -0.014485573406940788)
(0.009122346158048966, 0.025159792210279308)
(-0.002348945517033796, -0.0014010835045767944)
(0.0005096268512994051, -0.040571508745673945)
(-0.0032701378352941735, 0.0029003875307709315)
(-0.01153924775324533, -0.027000097210071017)
(0.003918892370674332, 0.009166520968104663)
(0.017767020293267377, 0.0368280368280367)
(0.0004655163690447939, -0.014680607275852187)
(-0.0008699082551600901, -0.007704048259321139)
(-0.013302961277698477, -0.004345809223858077)
(0.022183232270767572, 0.03329982099507123)
(-0.0005821948747674055, -0.026341393958091097)
(0.00010043690053285204, -0.010626629944673227)
(-0.004288224956725761, -0.022959623580420363)
(-0.0011800540607793675, 0.0030004286326617002)
(-0.007522896871845597, -0.04675716440422317)
(-0.014498504367082332, -0.019672995780590785)
(-0.005162036320907504, -0.013369559369451722)
(0.00790776351554734, 0.023584262616898943)
(0.010533035430969395, 0.0015982100047944314)
(0.007234120596981031, 0.011648316578905415)
(-0.012300720241454788, -0.026156677181913723)
(-0.004035231463151212, -0.028451882845188292)
(0.006766345146371977, 0.010224778416826563)
(0.0011950482106797278, 0.017217195192386958)
(0.0010201895513788362, 0.009949979721508795)
(-0.00443330174038381, -0.024763740529542555)
(-0.005374362754977047, -0.020451301196881433)
(0.006216486039621216, 0.010313034217974915)
(0.00025571523555401043, 0.006879143435688295)
(-0.0036200020457684, -0.003278327226645339)
(0.00615788825582686, 0.041238253178551565)
(0.0015300501858861448, -0.01980250583988097)
(-0.000977736133614182, 0.0032226615392947355)
(-0.004964828219761297, 0.050479146983398504)
(-0.02600329908302057, -0.01611203905948866)
(0.015210645350381524, -0.0031080234015880004)
(-0.007854027003355357, 0.006497419371741531)
(0.0026108842546987976, 0.006481505583465497)
(-0.0009583033865060431, 0.006439766202865682)
(0.002345924868222493, 0.0)
(0.007967878839587605, 0.009456507773352163)
(-0.00683164434279071, -0.012677239518366856)
(-0.009434746468673594, -0.015882428774010582)
(0.005202869971048907, 0.02604207603028641)
(-0.009913595192976188, -0.01269054975359396)
(0.012774299628960595, 0.08025138364454554)
(-0.004391716100193177, -0.019057195527783732)
(0.00965840197504475, 0.060454445610524044)
(0.006708630115363601, 0.07003452243958574)
(-0.002612093788977643, -0.029316241154582423)
(0.013403996455222611, -0.011012630179481508)
(0.012158394890290136, -0.008469069970649556)
(0.0050260853839156905, 0.011230369449779731)
(0.004590872266436952, 0.014010547014658536)
(-0.013729589806961595, 0.005487119592763268)
(-0.020270338481459427, -0.07085561497326198)
(0.010550936088140839, -0.008892558084679814)
(-0.007881562447069723, -0.014684182969203596)
(-0.0031653374994727868, -0.015603487838457997)
(-0.01887706709854442, -0.036118267697215045)
(0.0003993064677785263, 0.009622483007917015)
(-0.008056468810057948, 0.0062529941252111865)
(0.003886229828241161, 0.006239194166729467)
(-0.0026370473512501436, -0.006200507993425974)
(0.00034901060786407534, 0.037385050991004753)
(0.00955743979179835, -0.027149102678679315)
(0.007068803017161507, 0.0)
(0.0014454323300809868, 0.007647044218784815)
(0.009781525171856709, 0.03676235062215105)
(0.0013573823089987336, 0.031204696152292266)
(0.0012323111998495673, 0.0027425674118459753)
(0.0, 0.002758050058608408)
(-0.0019385013028967446, -0.01851979188154662)
(-0.010841751535487942, -0.008850797505896568)
(0.001870052153975621, 0.014820225248574515)
(-0.005381919240960653, -0.015996842422976054)
(-0.007475368817338346, -0.03527440894719447)
(0.01634488119762456, -0.00464695379949609)
(0.0005684519503974528, -0.015185394500823235)
(-0.0047619539513191755, -0.029616507397889125)
(0.0038921409895367187, -0.019232747094518277)
(0.012923503201915043, 0.03269190436241609)
(0.0028068957778488723, 0.012642481785179571)
(0.004580245909030944, 0.0)
(-0.0008409491581686801, 0.006267392012835549)
(0.005698930183924089, -0.012431799496748885)
(0.007894975650820868, -0.03622603430877902)
(0.0297018807568723, 0.03264056119778025)
(-0.005324058332266901, 0.00479075308610688)
(0.005821392642087586, -0.006281533804238237)
(0.0025151247369674667, -0.03467797212561241)
(0.020942306950309852, -0.08210387902695593)
(-0.010673826829391553, 0.0)
(-0.003040096669768344, 0.007134057244363001)
(-0.0016737850631589613, -0.003385298133818826)
(0.010348615368360736, 0.0033967973053976586)
(-0.0048828870076592645, 0.02839098771051418)
(0.00604730506874418, 0.04993084370677736)
(0.014632055253394727, -0.02445000658674734)
(0.010045910752453313, 0.016717530450752083)
(-0.0077987748777197385, -0.01484885512405032)
(0.0025950422517839744, -0.07555208024375137)
(-0.011521318646009138, 0.0)
(-0.00016070179421168174, 0.02907977249526028)
(-0.008632018834751065, -0.003684598378776549)
(-0.009374761579158397, 0.007111970869367212)
(-0.0026859722934865493, -0.04564713857974123)
(0.007355638358526262, 0.02569111466287821)
(-0.003430564606278441, 0.05754025509320715)
(-0.003288524779809121, 0.0)
(0.011345218802332191, -0.00324710761842395)
(0.011198870575514164, 0.03057844452352909)
(-0.0030658641968112077, 0.033097805875790254)
(0.006784568655712642, -0.019232747094518277)
(0.041316566106840646, 0.0034081375838925787)
(-0.005830640649220342, -0.022939854731671594)
(-0.006164433308774031, -0.02986950475986727)
(-0.006010834118266195, 0.03437250199840136)
(-0.0006892685483140815, 0.039865693119436996)
(0.022641995294551354, -0.003331454051560545)
(0.01708663825125334, -0.03203743700503969)
(-0.0025818316861458968, 0.013228497051479549)
(-0.008306295765542648, -0.009673867449664475)
(0.025511982769064634, 0.009768365320979466)
(0.002902643759705281, 0.0)
(-0.020129328329767215, -0.003119756711409405)
(0.010457690262204, 0.0)
(0.00530201283439613, 0.009677843523997476)
(-0.011456214037147583, 0.009871591175474537)
(0.0003974878766737078, 0.04167956257092742)
(0.00018542063999138492, 0.01852035257997442)
(-0.004281539942493806, 0.004594515752625483)
(0.016525994753654905, -0.010598911070780481)
(-0.002572913759764761, 0.06412796243304708)
(0.004407096825559398, 0.0)
(0.027998084711885696, 0.002758050058608408)
(0.008824451013590418, 0.00570721309220934)
(-0.010946668570875562, -0.014084507042253613)
(0.005194408372842352, -0.014516874711049454)
(0.01545203536437012, 0.03227622443235134)
(0.009146772437787165, -0.005658062170514455)
(-0.007729006848319453, -0.008661075435910326)
(0.012979248151928413, -0.0027662517289074318)
(-0.013476956373742355, -0.013176144244105403)
(-0.03422745176685271, -0.016163035839775075)
(0.012708327957422494, -0.010476190476190417)
(-0.0038232795247138407, 0.015158806544754544)
(-0.007727078892271977, -0.001422137947380775)
(0.013786701507702226, 0.03251839544267732)
(-0.012013768781029222, 0.011494252873563315)
(0.00604989230413433, -0.019772727272727164)
(0.000759152478860381, -0.00440528634361248)
(0.006230556148270727, 0.01304145319049832)
(-0.007970793522757202, 0.015402298850574647)
(0.0007770140461251795, -0.00384876613085805)
(-0.0007764107640559903, -0.00840909090909081)
(0.00814583956047743, 0.0)
(0.016448009217093773, 0.005730002292000824)
(0.021489696780550238, 0.011394712853236122)
(0.013899991844472215, 0.06759801712483093)
(-0.004690491898821869, 0.04221190375685935)
(0.009764693520788237, -0.005062778452814887)
(-0.005707698589388466, -0.007734581721962175)
