0.0
-4.0000000000040004e-05
0.005459999692305928
0.0011999996923059975
0.004459999692306038
0.003219999692305908
-0.005040000307694026
-0.011540000307694087
-0.01230000030769407
-0.012800000307694015
-0.006280000307694045
-0.012040000307694032
0.0012199996923059064
0.0031999996923059992
-0.005540000307694082
-0.006540000307694083
-0.004040000307694136
-0.003780000307694209
-0.006540000307694194
-0.004040000307694247
-0.003040000307694357
-0.0005400003076942994
0.0012199996923056844
0.0024599996923058143
0.004959999692305761
0.003959999692305649
-0.0005400003076944104
0.0009599996923057574
0.003959999692305649
0.003959999692305649
0.004959999692305539
0.004959999692305539
0.008959999692305542
0.009959999692305432
0.013959999692305436
0.006699999692305392
0.005199999692305335
0.007959999692305209
0.012959999692305102
0.009459999692305043
0.01195999969230499
0.014959999692304882
0.021459999692304832
0.02595999969230478
0.02595999969230478
0.02271999969230487
0.03245999969230495
0.03321999969230505
0.03621999969230494
0.03271999969230488
0.03619999969230481
0.041959999692304795
0.054959999692304695
0.06421999969230474
0.05521999969230462
0.056219999692304734
0.05045999969230475
0.05145999969230464
0.05395999969230458
0.05545999969230464
0.05095999969230469
0.04971999969230456
0.04845999969230452
0.04995999969230436
0.06195999969230437
0.06295999969230426
0.05595999969230436
0.05471999969230423
0.057719999692304125
0.06495999969230404
0.07345999969230421
0.0744599996923041
0.07695999969230405
0.08095999969230405
0.07547999969230412
0.06495999969230404
0.06395999969230393
0.061959999692303924
0.05595999969230392
0.05595999969230392
0.05373999969230381
0.049719999692303896
0.057219999692303736
0.05423999969230375
0.05895999969230381
0.06245999969230387
0.07345999969230377
0.08545999969230356
0.08095999969230361
0.08121999969230376
0.08721999969230354
0.09371999969230349
0.0929599996923034
0.0889599996923034
0.08871999969230338
0.08845999969230345
0.0989599996923034
0.10645999969230346
0.11521999969230357
0.1339399996923034
0.1364599996923035
0.12345999969230337
0.12945999969230337
0.13121999969230336
0.12095999969230342
0.12843999969230335
0.13395999969230332
0.11893999969230329
0.11745999969230336
0.11245999969230347
0.11695999969230364
0.1239399996923034
0.1309399996923033
0.13195999969230332
0.12795999969230332
0.12945999969230337
0.12443999969230335
0.1257199996923033
0.1369399996923033
0.13821999969230347
0.1324599996923035
0.12695999969230343
0.1267199996923034
0.1344599996923035
0.1384599996923035
0.13995999969230355
0.1294599996923036
0.12245999969230348
0.12245999969230348
0.12895999969230343
0.13671999969230342
0.13545999969230338
0.14245999969230327
0.15121999969230338
0.15343999969230349
0.15471999969230343
0.14595999969230355
0.13971999969230353
0.13695999969230344
0.12145999969230359
0.11745999969230358
0.10871999969230361
0.11695999969230364
0.10421999969230367
0.10521999969230356
0.10321999969230355
0.09645999969230346
0.09821999969230344
0.09745999969230335
0.0819599996923035
0.06745999969230354
0.07045999969230365
0.08071999969230359
0.08593999969230359
0.0819599996923035
0.08621999969230343
0.08295999969230339
0.0819599996923035
0.07045999969230343
0.06045999969230342
0.04195999969230346
0.03595999969230346
0.031719999692303436
0.02245999969230339
0.04645999969230319
0.06495999969230315
0.0742399996923031
0.06295999969230315
0.058959999692303144
0.0664599996923032
0.06945999969230332
0.05445999969230342
0.04795999969230347
0.05021999969230362
0.04095999969230357
0.036459999692303624
0.043979999692303595
0.043959999692303686
0.05345999969230353
0.05695999969230359
0.06021999969230363
0.05945999969230353
0.04869999969230365
0.05145999969230375
0.040959999692303795
0.0479799996923036
0.04695999969230358
0.03995999969230346
0.05645999969230342
0.07593999969230336
0.06917999969230326
0.06345999969230331
0.05893999969230346
0.061459999692303535
0.06869999969230345
0.05445999969230342
0.037459999692303514
0.033959999692303455
0.030959999692303564
0.027959999692303672
0.01497999969230368
0.025459999692303725
0.04797999969230382
0.05719999969230383
0.06469999969230367
0.06545999969230354
0.06893999969230347
0.06545999969230354
0.05997999969230361
0.056199999692303715
0.0627199996923038
0.06295999969230381
0.06145999969230376
0.06995999969230371
0.07543999969230364
0.07045999969230365
0.06795999969230371
0.06945999969230376
0.07645999969230388
0.09443999969230377
0.09293999969230371
0.09845999969230368
0.0899399996923036
0.0887199996923036
0.09721999969230355
0.09045999969230345
0.09371999969230349
0.09421999969230366
0.10095999969230363
0.1089399996923035
0.10143999969230344
0.10495999969230341
0.10895999969230319
0.1181999996923031
0.12145999969230314
0.12771999969230308
0.1279599996923031
0.12845999969230304
0.1259599996923031
0.11493999969230306
0.11571999969230307
0.11895999969230298
0.12069999969230305
0.12271999969230296
0.13195999969230288
0.12969999969230273
0.13645999969230282
0.13945999969230294
0.13545999969230293
0.13395999969230288
0.13245999969230282
0.13245999969230282
0.13345999969230293
0.13245999969230304
0.13345999969230316
0.13643999969230314
0.13243999969230313
0.1269599996923032
0.132959999692303
0.15371999969230288
0.15245999969230284
0.1459599996923029
0.15343999969230282
0.17495999969230258
0.1849599996923026
0.1879599996923027
0.20595999969230272
0.20443999969230275
0.20595999969230272
0.21271999969230282
0.21145999969230278
0.22445999969230268
0.2239599996923025
0.24245999969230225
0.24993999969230218
0.2569599996923022
0.25343999969230224
0.2669599996923022
0.28321999969230216
0.27395999969230234
0.28221999969230227
0.2862199996923023
0.2794599996923022
0.28845999969230207
0.2637199996923023
0.27471999969230243
0.2764599996923025
0.2794599996923026
0.2644599996923025
0.27495999969230267
0.2744599996923027
0.2699599996923028
0.2839599996923028
0.2759599996923028
0.2849599996923027
0.2912199996923026
0.3187199996923027
0.30145999969230264
0.2969599996923027
0.28645999969230274
0.2704599996923027
0.2552199996923028
0.2809599996923027
0.26895999969230266
0.2654399996923027
0.2789599996923027
0.2814599996923026
0.27795999969230256
0.25495999969230265
0.24795999969230276
0.2684599996923027
0.30693999969230257
0.3159599996923026
0.30693999969230235
0.3104599996923023
0.3409599996923025
0.34145999969230245
0.34445999969230257
0.32519999969230273
0.3319399996923027
0.3249599996923027
0.3101999996923026
0.3324599996923028
0.3189599996923027
0.3259599996923026
0.3239599996923026
0.3189599996923027
0.30845999969230253
0.29471999969230245
0.27793999969230243
0.27593999969230243
0.27995999969230256
0.2664599996923027
0.26671999969230287
0.25395999969230276
0.2524599996923027
0.24395999969230275
0.2464599996923027
0.24945999969230281
0.25795999969230277
0.25271999969230285
0.257959999692303
0.2709599996923031
0.2599599996923032
0.26443999969230325
0.25845999969230316
0.23945999969230325
0.24193999969230306
0.23745999969230303
0.2314399996923031
0.2449599996923033
0.2659599996923032
0.2747199996923031
0.27821999969230315
0.2814599996923033
0.2814599996923033
0.2827199996923033
0.2794599996923033
0.29295999969230313
0.29671999969230334
0.2904599996923032
0.28419999969230325
0.2797199996923032
0.2804599996923034
0.27819999969230347
0.2756999996923035
0.27471999969230354
0.28271999969230355
0.2844599996923036
0.27671999969230376
0.2434399996923038
0.2334599996923039
0.23945999969230392
0.22243999969230388
0.226219999692304
0.2354599996923039
0.23945999969230392
0.23817999969230397
0.25967999969230404
0.23967999969230402
0.21671999969230415
0.2082199996923042
0.24195999969230408
0.247439999692304
0.23245999969230402
0.2374599996923039
0.24795999969230387
0.25667999969230393
0.23895999969230397
0.23795999969230408
0.238219999692304
0.24495999969230398
0.24345999969230392
0.2354599996923039
0.2294599996923039
0.23295999969230397
0.26221999969230403
0.258959999692304
0.2759599996923039
0.2799599996923039
0.2842199996923038
0.2859599996923039
0.2769599996923038
0.29245999969230363
0.3032199996923035
0.32145999969230377
0.33245999969230366
0.3479599996923035
0.34845999969230346
0.35121999969230333
0.3419599996923033
0.3434599996923031
0.32895999969230316
0.33145999969230333
0.3579599996923033
0.3589599996923032
0.3639599996923031
0.3639599996923031
0.3629599996923032
0.36667999969230314
0.3669599996923032
0.3639599996923033
0.3501799996923034
0.3451799996923035
0.33145999969230355
0.3339599996923037
0.3374599996923038
0.3267199996923038
0.3394599996923038
0.3614399996923039
0.34171999969230393
0.33895999969230384
0.35145999969230357
0.3552199996923038
0.3634599996923038
0.36671999969230384
0.3546799996923038
0.37495999969230387
0.373959999692304
0.381959999692304
0.373959999692304
0.37945999969230404
0.381179999692304
0.367959999692304
0.36695999969230386
0.3716799996923039
0.37371999969230396
0.37845999969230415
0.37945999969230404
0.38045999969230415
0.3811799996923042
0.3997199996923042
0.39967999969230417
0.3979599996923042
0.3867199996923041
0.39645999969230417
0.401959999692304
0.40367999969230395
0.3942199996923039
0.3922199996923039
0.385959999692304
0.3909599996923039
0.39445999969230394
0.4129599996923039
0.41267999969230384
0.4041799996923039
0.3919599996923038
0.40645999969230373
0.41395999969230357
0.41445999969230374
0.4244599996923035
0.4389599996923035
0.45467999969230344
0.46071999969230326
0.45145999969230344
0.4164599996923035
0.4342199996923035
0.4264599996923035
0.4264599996923035
0.4319599996923036
0.42495999969230347
0.42267999969230363
0.41645999969230374
0.4199599996923036
0.43145999969230364
0.45745999969230366
0.45567999969230377
0.4594599996923039
0.45695999969230394
0.4694599996923041
0.45671999969230415
0.4552199996923041
0.44895999969230393
0.4572199996923041
0.4592199996923041
0.46017999969230416
0.4586799996923041
0.4671799996923043
0.46445999969230445
0.46645999969230467
0.48995999969230475
0.4884599996923047
0.5034399996923047
0.5186799996923046
0.5244599996923047
0.5267199996923049
0.5494599996923051
0.542459999692305
0.5614599996923051
0.5847199996923049
0.6129599996923047
0.6344599996923046
0.6224599996923046
0.6331799996923047
0.6449599996923048
0.6624599996923048
0.6384599996923048
0.6349599996923048
0.6094599996923049
0.584939999692305
0.6264599996923048
0.6254599996923049
0.6234199996923049
0.5991799996923048
0.6014599996923049
0.6199599996923051
0.614959999692305
0.5974599996923049
0.6279599996923046
0.6249599996923045
0.6421999996923045
0.6321999996923044
0.6289599996923045
0.6197199996923046
0.6072199996923047
0.6314599996923047
0.6099599996923049
0.5856999996923049
0.5814599996923049
0.561179999692305
0.580699999692305
0.5634599996923051
0.5679199996923052
0.577959999692305
0.6181999996923051
0.6326799996923049
0.622459999692305
0.618959999692305
0.618699999692305
0.6114599996923051
0.600959999692305
0.583959999692305
0.5879599996923051
0.604459999692305
0.594459999692305
0.5986799996923049
0.5987199996923049
0.6187199996923047
0.6402199996923046
0.6321799996923045
0.6374599996923047
0.6439599996923047
0.6434599996923047
0.6414599996923047
0.6464599996923046
0.6244599996923046
0.5959599996923046
0.5827199996923047
0.5739599996923048
0.5874599996923049
0.5659599996923048
0.5694599996923049
0.5954599996923049
0.5569599996923049
0.561719999692305
0.5809599996923049
0.5534599996923049
0.5644599996923048
0.5659599996923046
0.6407399996923047
0.6301799996923048
0.5686799996923049
0.555679999692305
0.5674399996923052
0.5549599996923051
0.5329599996923051
0.5374599996923051
0.5089599996923051
0.5286799996923053
0.5282199996923052
0.5474599996923051
0.5514599996923049
0.5664599996923048
0.5659599996923048
0.5579599996923048
0.5574599996923049
0.5549599996923049
0.556459999692305
0.548459999692305
0.533719999692305
0.527719999692305
0.543719999692305
0.5522199996923052
0.5669599996923049
0.5644399996923051
0.5599599996923053
0.5579599996923053
0.5569599996923051
0.5794599996923053
0.5919599996923051
0.606959999692305
0.5966799996923049
0.5927199996923049
0.5911799996923051
0.582219999692305
0.564459999692305
0.544459999692305
0.5289599996923049
0.5022199996923049
0.5307199996923047
0.5334699996923047
0.4997099996923047
0.49278999969230464
0.4872099996923045
0.4974599996923046
0.5032099996923045
0.4984599996923045
0.48870999969230455
0.4677199996923047
0.43770999969230484
0.4902099996923046
0.4724599996923047
0.49353999969230444
0.4677899996923045
0.46445999969230445
0.4469599996923044
0.4555399996923044
0.4592199996923043
0.46345999969230434
0.47045999969230445
0.48153999969230465
0.48595999969230474
0.49420999969230484
0.468709999692305
0.4592099996923049
0.4837099996923049
0.46495999969230484
0.4749599996923046
0.4929699996923045
0.4939599996923043
0.5054599996923044
0.5069599996923042
0.4990399996923043
0.49470999969230434
0.5017099996923045
0.5022899996923045
0.4839599996923045
0.4779599996923045
0.4699699996923046
0.4725499996923046
0.4757899996923045
0.4737199996923045
0.4737899996923045
0.4749599996923044
0.46145999969230456
0.46145999969230456
0.4587099996923045
0.46928999969230456
0.4634699996923044
0.4539599996923045
0.4685499996923044
0.4795399996923042
0.4980399996923044
0.5057899996923043
0.5089599996923044
0.5099599996923045
0.5217899996923046
0.5315399996923045
0.5249599996923044
0.5327099996923046
0.5475399996923045
0.5559599996923044
0.5504699996923044
0.5812099996923044
0.5742099996923042
0.5637899996923044
0.5685399996923044
0.5582899996923043
0.5515399996923043
0.5377099996923043
0.5535399996923043
0.5612099996923043
0.5462099996923044
0.5289599996923045
0.5449699996923043
0.5612199996923042
0.551539999692304
0.5427099996923039
0.5692099996923037
0.5784599996923037
0.5640399996923038
0.5837899996923037
0.5745499996923038
0.5892899996923036
0.5954699996923036
0.5899599996923037
0.5979599996923037
0.6127899996923039
0.6352899996923038
0.6355499996923037
0.6534599996923036
0.6517099996923037
0.6415399996923039
0.6594599996923041
0.641459999692304
0.6474599996923041
0.6629599996923041
0.6502099996923041
0.6575399996923041
0.6447099996923042
0.6479599996923042
0.6832899996923041
0.6927099996923038
0.6837899996923038
0.6947899996923039
0.703709999692304
0.701719999692304
0.6982099996923039
0.6959699996923039
0.6669599996923039
0.6899599996923038
0.7089599996923039
0.716459999692304
0.6564599996923042
0.6849599996923041
0.6795399996923042
0.6852099996923042
0.6995399996923042
0.701039999692304
0.6777099996923039
0.6860399996923039
0.6859699996923039
0.702289999692304
0.6952199996923041
0.689719999692304
0.661959999692304
0.6387899996923041
0.645039999692304
0.6365499996923041
0.6394599996923043
0.6702199996923042
0.6729599996923039
0.6802199996923037
0.6574699996923037
0.6512099996923035
0.6497099996923035
0.6529599996923034
0.6442199996923035
0.6367899996923034
0.6342899996923033
0.6290399996923033
0.6434599996923032
0.6709599996923032
0.6537099996923033
0.6550399996923031
0.676779999692303
0.6772099996923029
0.694709999692303
0.6977099996923031
0.6747099996923032
0.6687099996923032
0.6612899996923032
0.6617899996923033
0.6719599996923031
0.6697899996923031
0.662959999692303
0.6599599996923029
0.6432099996923029
0.6492199996923029
0.6439599996923029
0.6564599996923028
0.6679599996923029
0.6617899996923029
0.6304599996923028
0.6619599996923027
0.6312099996923028
0.6150499996923029
0.6274599996923029
0.6239699996923029
0.606799999692303
0.5735399996923032
0.5764699996923033
0.591039999692303
0.5742099996923031
0.5474699996923034
0.5704599996923032
0.6085499996923032
0.6152899996923031
0.6027899996923032
0.5864599996923032
0.6165399996923031
0.6184699996923029
0.6102099996923027
0.6012099996923028
0.6120399996923027
0.6182099996923025
0.6249599996923025
0.6387199996923025
0.6599599996923027
0.6490399996923026
0.6492099996923026
0.6250499996923027
0.6227099996923027
0.6122099996923027
0.6032899996923027
0.6000399996923027
0.6302099996923027
0.6422899996923028
0.6325399996923029
0.6314599996923029
0.6699599996923031
0.6819599996923029
0.6869599996923028
0.6544699996923029
0.6699599996923029
0.651709999692303
0.659709999692303
0.646959999692303
0.657539999692303
0.6432899996923029
0.644959999692303
0.6250399996923031
0.6257199996923031
0.626459999692303
0.6272099996923031
0.6095499996923033
0.5957099996923032
0.5772899996923033
0.5677899996923033
0.5894599996923033
0.6232199996923031
0.6174599996923031
0.618459999692303
0.625299999692303
0.6452199996923029
0.6587099996923029
0.6392099996923031
0.638959999692303
0.6585399996923029
0.6452099996923029
0.6292099996923028
0.6292099996923028
0.6269599996923028
0.6364599996923028
0.6539599996923029
0.6934599996923028
0.7110399996923027
0.6939599996923027
0.6907999996923027
0.6804699996923027
0.7192099996923027
0.7085399996923027
0.6932999996923026
0.7267099996923023
0.7222099996923024
0.7107999996923025
0.7022199996923024
0.6872099996923025
0.6757099996923024
0.6539599996923025
0.6555399996923026
0.6382899996923026
0.6659699996923025
0.6629599996923026
0.6522099996923025
0.6467899996923026
0.6159599996923026
0.6232999996923028
0.6212199996923029
0.6250399996923028
0.6264599996923028
0.6229599996923028
0.6389699996923028
0.6254599996923029
0.6174599996923029
0.6065399996923029
0.6087099996923029
0.5959599996923028
0.569789999692303
0.5832899996923031
0.581539999692303
0.5762099996923029
0.565709999692303
0.579209999692303
0.5694599996923031
0.5315399996923031
0.5064499996923031
0.524699999692303
0.509959999692303
0.49803999969230306
0.4975399996923031
0.5044499996923033
0.4789599996923033
0.5044499996923033
0.5119599996923032
0.4679599996923034
0.45820999969230347
0.46145999969230345
0.4639599996923034
0.4782099996923035
0.4642099996923037
0.4629599996923037
0.44245999969230376
0.4527899996923037
0.46545999969230367
0.47844999969230373
0.5012099996923038
0.49844999969230397
0.4987099996923041
0.4697099996923042
0.48870999969230433
0.4961999996923043
0.48528999969230435
0.46920999969230426
0.44927999969230425
0.4462899996923042
0.45203999969230435
0.4755399996923044
0.4894499996923045
0.48753999969230466
0.47970999969230466
0.47170999969230465
0.4704599996923047
0.48470999969230455
0.5009599996923046
0.4842899996923047
0.4722099996923046
0.48395999969230474
0.47995999969230474
0.48095999969230485
0.4767799996923048
0.4794599996923048
0.4927099996923048
0.5047099996923048
0.5164599996923049
0.5362099996923049
0.5519599996923048
0.5411999996923047
0.5356999996923046
0.5299599996923046
0.5355399996923045
0.5427099996923044
0.5575299996923042
0.5495399996923043
0.5521999996923044
0.5499599996923044
0.5527099996923044
0.5437099996923045
0.5330399996923045
0.5297099996923045
0.5501999996923046
0.5242099996923046
0.5309599996923047
0.5224599996923047
0.5302899996923047
0.5309599996923047
0.5214599996923046
0.5287899996923047
0.5194599996923048
0.5290399996923048
0.5372899996923048
0.5342099996923049
0.516199999692305
0.49945999969230503
0.5189499996923048
0.5144599996923049
0.510949999692305
0.540289999692305
0.543779999692305
0.5467899996923049
0.5349599996923049
0.5547099996923048
0.5402099996923049
0.5357099996923047
0.5335399996923047
0.5044599996923047
0.5087899996923047
0.5212099996923047
0.5227199996923049
0.5254599996923048
0.5294599996923051
0.5429599996923051
0.5557899996923052
0.5812099996923052
0.5747899996923054
0.5804599996923054
0.5616999996923056
0.5365399996923055
0.5397899996923055
0.5377899996923055
0.5246999996923054
0.5237099996923054
0.5251999996923054
0.5299599996923052
0.5414599996923051
0.5439599996923052
0.5325399996923053
0.5287899996923051
0.527959999692305
0.549449999692305
0.5369599996923049
0.537209999692305
0.530539999692305
0.527279999692305
0.5339599996923052
0.5542099996923053
0.5735399996923054
0.5799699996923053
0.5854699996923054
0.5774499996923055
0.5769599996923054
0.5760299996923053
0.5790399996923052
0.5699499996923052
0.5667799996923053
0.5542099996923053
0.5824499996923052
0.589469999692305
0.583709999692305
0.5802999996923051
0.571709999692305
0.572969999692305
0.578289999692305
0.5780399996923051
0.5790399996923052
0.5684599996923052
0.5739599996923053
0.5447099996923053
0.5462099996923053
0.5267099996923053
0.5355399996923054
0.5337899996923055
0.5292099996923054
0.5325399996923055
0.5384699996923055
0.5287099996923055
0.5280399996923055
0.5389599996923053
0.5364599996923054
0.5499599996923055
0.5385499996923055
0.5474599996923055
0.5619599996923057
0.5682099996923058
0.5624699996923057
0.5469599996923058
0.5489599996923058
0.5534699996923058
0.5494599996923057
0.5492899996923057
0.5487899996923058
0.5567099996923057
0.5775499996923057
0.5855499996923057
0.5827099996923057
0.5799599996923057
0.5819699996923058
0.566709999692306
0.5792099996923061
0.5929699996923061
0.6009699996923059
0.5994599996923058
0.5902899996923059
0.5544599996923059
0.5640399996923058
0.5757099996923059
0.573459999692306
0.6032099996923059
0.6144599996923059
0.6209699996923059
0.5964599996923059
0.5964599996923059
0.5732099996923059
0.5737899996923062
0.5665399996923062
0.570789999692306
0.5526999996923061
0.5975399996923063
0.6084599996923064
0.6291999996923063
0.6317099996923066
0.6522099996923068
0.6634199996923067
0.6360399996923067
0.6389599996923068
0.6679599996923069
0.6484599996923068
0.6685399996923067
0.6615499996923069
0.6435799996923068
0.6392099996923069
0.6544599996923066
0.6484599996923066
0.6563399996923067
0.6749599996923066
0.6604599996923066
0.6567799996923067
0.6812399996923066
0.6960499996923069
0.6883299996923069
0.7175399996923071
0.7282999996923072
0.7539599996923072
0.743459999692307
0.749179999692307
0.7724599996923069
0.7569599996923069
0.7416999996923068
0.7535399996923069
0.782199999692307
0.7667999996923069
0.7346999996923069
0.7409599996923069
0.7455399996923069
0.752299999692307
0.7646599996923071
0.7785799996923071
0.7632799996923072
0.7534599996923073
0.7636999996923073
0.7457999996923073
0.7259599996923072
0.6990399996923071
0.6886799996923072
0.7327999996923071
0.7235399996923073
0.7235399996923073
0.7287999996923071
0.7024599996923071
0.683799999692307
0.668279999692307
0.706919999692307
0.6915799996923069
0.6712999996923068
0.6671999996923068
0.6968399996923067
0.6811999996923066
0.6782999996923065
0.7121999996923065
0.7041799996923064
0.6705399996923063
0.6619599996923062
0.7185399996923063
0.7312599996923062
0.7160399996923061
0.6995799996923062
0.7011999996923062
0.7408399996923063
0.7740599996923061
0.7621599996923061
0.7735599996923059
0.762459999692306
0.7579599996923059
0.7679599996923061
0.7767199996923062
0.7900599996923061
0.8095799996923061
0.8104599996923061
0.795639999692306
0.803799999692306
0.8222999996923062
0.814719999692306
0.8040599996923061
0.7995599996923062
0.8154599996923062
0.8197199996923061
0.8279999996923062
0.8417999996923062
0.8442999996923062
0.8697999996923063
0.8651799996923062
0.8267999996923063
0.8252199996923064
0.8255799996923063
0.8425599996923063
0.8616399996923063
0.8417999996923065
0.8282999996923066
0.8541599996923068
0.8540599996923068
0.8669599996923067
0.8430599996923067
0.8412999996923067
0.8235799996923068
0.8452199996923067
0.8402199996923065
0.8223399996923064
0.8144199996923065
0.8312199996923064
0.8402199996923063
0.8317199996923061
0.824179999692306
0.8185599996923059
0.8039599996923057
0.8212199996923057
0.7999599996923057
0.7992999996923056
0.8097199996923055
0.8302999996923057
0.8432199996923058
0.8592199996923058
0.8356399996923056
0.8182999996923057
0.8482999996923055
0.8662999996923055
0.9017999996923056
0.9005599996923057
0.8907999996923057
0.9061399996923059
0.9309599996923057
0.9412999996923057
0.9490599996923057
0.9668399996923058
0.9622199996923058
0.9632199996923057
0.9567999996923056
0.9342199996923057
0.9417999996923057
0.9762999996923054
0.9772199996923054
0.9754999996923055
0.9492199996923054
0.9924599996923054
0.9912999996923055
0.9914999996923057
0.9829599996923057
0.9806199996923057
0.9657199996923056
0.9372199996923056
0.9272199996923056
0.9424599996923055
0.9629199996923055
0.9771199996923057
0.9527999996923056
0.9449199996923054
0.9580799996923053
0.9604199996923053
0.9624199996923055
0.9537199996923056
0.9432199996923054
0.9552999996923053
0.9557999996923054
0.9487199996923055
0.9607199996923057
0.9637199996923056
0.9617999996923057
0.9520599996923056
0.9012999996923055
0.9302199996923055
0.9150599996923057
0.9200599996923058
0.9182199996923059
0.9227199996923059
0.9380399996923061
0.924799999692306
0.906639999692306
0.9165599996923057
0.8975599996923056
0.9217999996923054
0.9133599996923054
0.9318399996923052
0.9447999996923051
0.9397199996923051
0.9657199996923052
0.9896199996923052
0.999619999692305
1.0087999996923052
0.9812199996923052
0.9410599996923052
0.9615399996923055
0.9460799996923055
0.9399199996923056
0.9032999996923057
0.9040599996923058
0.8887199996923059
0.8960599996923058
0.8910599996923059
0.891719999692306
0.9097999996923061
0.9232999996923061
0.9260799996923061
0.9449199996923061
0.9475599996923063
0.9499599996923063
0.9499599996923063
0.9461799996923062
0.9250799996923063
0.9286799996923063
0.9182999996923062
0.9039599996923062
0.9350799996923063
0.9361799996923064
0.9269599996923064
0.9344599996923064
0.9594599996923066
0.9649599996923066
0.9739599996923067
0.9722999996923067
0.9835399996923067
0.9991999996923067
1.0585799996923067
1.0476199996923068
1.0595399996923072
1.0647199996923074
1.1079599996923073
1.0854599996923073
1.0791199996923075
1.0756399996923074
1.0971199996923073
1.0868799996923073
1.0994999996923074
1.1302199996923075
1.1516199996923073
1.1348399996923075
1.1403799996923074
1.1157199996923075
1.1153799996923075
1.0971199996923078
1.0774599996923078
1.0718799996923076
1.0871199996923075
1.0799599996923073
1.0731199996923073
1.0966399996923073
1.1201199996923075
1.1136199996923075
1.1279599996923073
1.2158799996923073
1.202959999692307
1.189379999692307
1.1762199996923068
1.1747199996923068
1.2239599996923065
1.2619599996923063
1.2561199996923063
1.237379999692306
1.294459999692306
1.3011199996923062
1.254799999692306
1.278379999692306
1.290459999692306
1.264219999692306
1.2651199996923057
1.2655399996923058
1.2558399996923058
1.2931199996923057
1.2872199996923057
1.2972999996923056
1.3616199996923055
1.3824599996923057
1.3563799996923058
1.3686199996923056
1.4052199996923056
1.4272199996923058
1.408459999692306
1.439719999692306
1.406839999692306
1.3244599996923059
1.3539999996923058
1.3449999996923059
1.3268799996923057
1.3589599996923059
1.3306199996923058
1.3447199996923058
1.346499999692306
1.3611199996923062
1.3422999996923064
1.3441199996923063
1.3422999996923064
1.3613799996923062
1.4002199996923061
1.451799999692306
1.485879999692306
1.474219999692306
1.4983799996923062
1.484119999692306
0.0
-4.0000000000040004e-05
0.005459999692305928
0.0011999996923059975
0.004459999692306038
0.003219999692305908
-0.005040000307694026
-0.011540000307694087
-0.01230000030769407
-0.012800000307694015
-0.006280000307694045
-0.012040000307694032
0.0012199996923059064
0.0031999996923059992
-0.005540000307694082
-0.006540000307694083
-0.004040000307694136
-0.003780000307694209
-0.006540000307694194
-0.004040000307694247
-0.003040000307694357
-0.0005400003076942994
0.0012199996923056844
0.0024599996923058143
0.004959999692305761
0.003959999692305649
-0.0005400003076944104
0.0009599996923057574
0.003959999692305649
0.003959999692305649
0.004959999692305539
0.004959999692305539
0.008959999692305542
0.009959999692305432
0.013959999692305436
0.006699999692305392
0.005199999692305335
0.007959999692305209
0.012959999692305102
0.009459999692305043
0.01195999969230499
0.014959999692304882
0.021459999692304832
0.02595999969230478
0.02595999969230478
0.02271999969230487
0.03245999969230495
0.03321999969230505
0.03621999969230494
0.03271999969230488
0.03619999969230481
0.041959999692304795
0.054959999692304695
0.06421999969230474
0.05521999969230462
0.056219999692304734
0.05045999969230475
0.05145999969230464
0.05395999969230458
0.05545999969230464
0.05095999969230469
0.04971999969230456
0.04845999969230452
0.04995999969230436
0.06195999969230437
0.06295999969230426
0.05595999969230436
0.05471999969230423
0.057719999692304125
0.06495999969230404
0.07345999969230421
0.0744599996923041
0.07695999969230405
0.08095999969230405
0.07547999969230412
0.06495999969230404
0.06395999969230393
0.061959999692303924
0.05595999969230392
0.05595999969230392
0.05373999969230381
0.049719999692303896
0.057219999692303736
0.05423999969230375
0.05895999969230381
0.06245999969230387
0.07345999969230377
0.08545999969230356
0.08095999969230361
0.08121999969230376
0.08721999969230354
0.09371999969230349
0.0929599996923034
0.0889599996923034
0.08871999969230338
0.08845999969230345
0.0989599996923034
0.10645999969230346
0.11521999969230357
0.1339399996923034
0.1364599996923035
0.12345999969230337
0.12945999969230337
0.13121999969230336
0.12095999969230342
0.12843999969230335
0.13395999969230332
0.11893999969230329
0.11745999969230336
0.11245999969230347
0.11695999969230364
0.1239399996923034
0.1309399996923033
0.13195999969230332
0.12795999969230332
0.12945999969230337
0.12443999969230335
0.1257199996923033
0.1369399996923033
0.13821999969230347
0.1324599996923035
0.12695999969230343
0.1267199996923034
0.1344599996923035
0.1384599996923035
0.13995999969230355
0.1294599996923036
0.12245999969230348
0.12245999969230348
0.12895999969230343
0.13671999969230342
0.13545999969230338
0.14245999969230327
0.15121999969230338
0.15343999969230349
0.15471999969230343
0.14595999969230355
0.13971999969230353
0.13695999969230344
0.12145999969230359
0.11745999969230358
0.10871999969230361
0.11695999969230364
0.10421999969230367
0.10521999969230356
0.10321999969230355
0.09645999969230346
0.09821999969230344
0.09745999969230335
0.0819599996923035
0.06745999969230354
0.07045999969230365
0.08071999969230359
0.08593999969230359
0.0819599996923035
0.08621999969230343
0.08295999969230339
0.0819599996923035
0.07045999969230343
0.06045999969230342
0.04195999969230346
0.03595999969230346
0.031719999692303436
0.02245999969230339
0.04645999969230319
0.06495999969230315
0.0742399996923031
0.06295999969230315
0.058959999692303144
0.0664599996923032
0.06945999969230332
0.05445999969230342
0.04795999969230347
0.05021999969230362
0.04095999969230357
0.036459999692303624
0.043979999692303595
0.043959999692303686
0.05345999969230353
0.05695999969230359
0.06021999969230363
0.05945999969230353
0.04869999969230365
0.05145999969230375
0.040959999692303795
0.0479799996923036
0.04695999969230358
0.03995999969230346
0.05645999969230342
0.07593999969230336
0.06917999969230326
0.06345999969230331
0.05893999969230346
0.061459999692303535
0.06869999969230345
0.05445999969230342
0.037459999692303514
0.033959999692303455
0.030959999692303564
0.027959999692303672
0.01497999969230368
0.025459999692303725
0.04797999969230382
0.05719999969230383
0.06469999969230367
0.06545999969230354
0.06893999969230347
0.06545999969230354
0.05997999969230361
0.056199999692303715
0.0627199996923038
0.06295999969230381
0.06145999969230376
0.06995999969230371
0.07543999969230364
0.07045999969230365
0.06795999969230371
0.06945999969230376
0.07645999969230388
0.09443999969230377
0.09293999969230371
0.09845999969230368
0.0899399996923036
0.0887199996923036
0.09721999969230355
0.09045999969230345
0.09371999969230349
0.09421999969230366
0.10095999969230363
0.1089399996923035
0.10143999969230344
0.10495999969230341
0.10895999969230319
0.1181999996923031
0.12145999969230314
0.12771999969230308
0.1279599996923031
0.12845999969230304
0.1259599996923031
0.11493999969230306
0.11571999969230307
0.11895999969230298
0.12069999969230305
0.12271999969230296
0.13195999969230288
0.12969999969230273
0.13645999969230282
0.13945999969230294
0.13545999969230293
0.13395999969230288
0.13245999969230282
0.13245999969230282
0.13345999969230293
0.13245999969230304
0.13345999969230316
0.13643999969230314
0.13243999969230313
0.1269599996923032
0.132959999692303
0.15371999969230288
0.15245999969230284
0.1459599996923029
0.15343999969230282
0.17495999969230258
0.1849599996923026
0.1879599996923027
0.20595999969230272
0.20443999969230275
0.20595999969230272
0.21271999969230282
0.21145999969230278
0.22445999969230268
0.2239599996923025
0.24245999969230225
0.24993999969230218
0.2569599996923022
0.25343999969230224
0.2669599996923022
0.28321999969230216
0.27395999969230234
0.28221999969230227
0.2862199996923023
0.2794599996923022
0.28845999969230207
0.2637199996923023
0.27471999969230243
0.2764599996923025
0.2794599996923026
0.2644599996923025
0.27495999969230267
0.2744599996923027
0.2699599996923028
0.2839599996923028
0.2759599996923028
0.2849599996923027
0.2912199996923026
0.3187199996923027
0.30145999969230264
0.2969599996923027
0.28645999969230274
0.2704599996923027
0.2552199996923028
0.2809599996923027
0.26895999969230266
0.2654399996923027
0.2789599996923027
0.2814599996923026
0.27795999969230256
0.25495999969230265
0.24795999969230276
0.2684599996923027
0.30693999969230257
0.3159599996923026
0.30693999969230235
0.3104599996923023
0.3409599996923025
0.34145999969230245
0.34445999969230257
0.32519999969230273
0.3319399996923027
0.3249599996923027
0.3101999996923026
0.3324599996923028
0.3189599996923027
0.3259599996923026
0.3239599996923026
0.3189599996923027
0.30845999969230253
0.29471999969230245
0.27793999969230243
0.27593999969230243
0.27995999969230256
0.2664599996923027
0.26671999969230287
0.25395999969230276
0.2524599996923027
0.24395999969230275
0.2464599996923027
0.24945999969230281
0.25795999969230277
0.25271999969230285
0.257959999692303
0.2709599996923031
0.2599599996923032
0.26443999969230325
0.25845999969230316
0.23945999969230325
0.24193999969230306
0.23745999969230303
0.2314399996923031
0.2449599996923033
0.2659599996923032
0.2747199996923031
0.27821999969230315
0.2814599996923033
0.2814599996923033
0.2827199996923033
0.2794599996923033
0.29295999969230313
0.29671999969230334
0.2904599996923032
0.28419999969230325
0.2797199996923032
0.2804599996923034
0.27819999969230347
0.2756999996923035
0.27471999969230354
0.28271999969230355
0.2844599996923036
0.27671999969230376
0.2434399996923038
0.2334599996923039
0.23945999969230392
0.22243999969230388
0.226219999692304
0.2354599996923039
0.23945999969230392
0.23817999969230397
0.25967999969230404
0.23967999969230402
0.21671999969230415
0.2082199996923042
0.24195999969230408
0.247439999692304
0.23245999969230402
0.2374599996923039
0.24795999969230387
0.25667999969230393
0.23895999969230397
0.23795999969230408
0.238219999692304
0.24495999969230398
0.24345999969230392
0.2354599996923039
0.2294599996923039
0.23295999969230397
0.26221999969230403
0.258959999692304
0.2759599996923039
0.2799599996923039
0.2842199996923038
0.2859599996923039
0.2769599996923038
0.29245999969230363
0.3032199996923035
0.32145999969230377
0.33245999969230366
0.3479599996923035
0.34845999969230346
0.35121999969230333
0.3419599996923033
0.3434599996923031
0.32895999969230316
0.33145999969230333
0.3579599996923033
0.3589599996923032
0.3639599996923031
0.3639599996923031
0.3629599996923032
0.36667999969230314
0.3669599996923032
0.3639599996923033
0.3501799996923034
0.3451799996923035
0.33145999969230355
0.3339599996923037
0.3374599996923038
0.3267199996923038
0.3394599996923038
0.3614399996923039
0.34171999969230393
0.33895999969230384
0.35145999969230357
0.3552199996923038
0.3634599996923038
0.36671999969230384
0.3546799996923038
0.37495999969230387
0.373959999692304
0.381959999692304
0.373959999692304
0.37945999969230404
0.381179999692304
0.367959999692304
0.36695999969230386
0.3716799996923039
0.37371999969230396
0.37845999969230415
0.37945999969230404
0.38045999969230415
0.3811799996923042
0.3997199996923042
0.39967999969230417
0.3979599996923042
0.3867199996923041
0.39645999969230417
0.401959999692304
0.40367999969230395
0.3942199996923039
0.3922199996923039
0.385959999692304
0.3909599996923039
0.39445999969230394
0.4129599996923039
0.41267999969230384
0.4041799996923039
0.3919599996923038
0.40645999969230373
0.41395999969230357
0.41445999969230374
0.4244599996923035
0.4389599996923035
0.45467999969230344
0.46071999969230326
0.45145999969230344
0.4164599996923035
0.4342199996923035
0.4264599996923035
0.4264599996923035
0.4319599996923036
0.42495999969230347
0.42267999969230363
0.41645999969230374
0.4199599996923036
0.43145999969230364
0.45745999969230366
0.45567999969230377
0.4594599996923039
0.45695999969230394
0.4694599996923041
0.45671999969230415
0.4552199996923041
0.44895999969230393
0.4572199996923041
0.4592199996923041
0.46017999969230416
0.4586799996923041
0.4671799996923043
0.46445999969230445
0.46645999969230467
0.48995999969230475
0.4884599996923047
0.5034399996923047
0.5186799996923046
0.5244599996923047
0.5267199996923049
0.5494599996923051
0.542459999692305
0.5614599996923051
0.5847199996923049
0.6129599996923047
0.6344599996923046
0.6224599996923046
0.6331799996923047
0.6449599996923048
0.6624599996923048
0.6384599996923048
0.6349599996923048
0.6094599996923049
0.584939999692305
0.6264599996923048
0.6254599996923049
0.6234199996923049
0.5991799996923048
0.6014599996923049
0.6199599996923051
0.614959999692305
0.5974599996923049
0.6279599996923046
0.6249599996923045
0.6421999996923045
0.6321999996923044
0.6289599996923045
0.6197199996923046
0.6072199996923047
0.6314599996923047
0.6099599996923049
0.5856999996923049
0.5814599996923049
0.561179999692305
0.580699999692305
0.5634599996923051
0.5679199996923052
0.577959999692305
0.6181999996923051
0.6326799996923049
0.622459999692305
0.618959999692305
0.618699999692305
0.6114599996923051
0.600959999692305
0.583959999692305
0.5879599996923051
0.604459999692305
0.594459999692305
0.5986799996923049
0.5987199996923049
0.6187199996923047
0.6402199996923046
0.6321799996923045
0.6374599996923047
0.6439599996923047
0.6434599996923047
0.6414599996923047
0.6464599996923046
0.6244599996923046
0.5959599996923046
0.5827199996923047
0.5739599996923048
0.5874599996923049
0.5659599996923048
0.5694599996923049
0.5954599996923049
0.5569599996923049
0.561719999692305
0.5809599996923049
0.5534599996923049
0.5644599996923048
0.5659599996923046
0.6407399996923047
0.6301799996923048
0.5686799996923049
0.555679999692305
0.5674399996923052
0.5549599996923051
0.5329599996923051
0.5374599996923051
0.5089599996923051
0.5286799996923053
0.5282199996923052
0.5474599996923051
0.5514599996923049
0.5664599996923048
0.5659599996923048
0.5579599996923048
0.5574599996923049
0.5549599996923049
0.556459999692305
0.548459999692305
0.533719999692305
0.527719999692305
0.543719999692305
0.5522199996923052
0.5669599996923049
0.5644399996923051
0.5599599996923053
0.5579599996923053
0.5569599996923051
0.5794599996923053
0.5919599996923051
0.606959999692305
0.5966799996923049
0.5927199996923049
0.5911799996923051
0.582219999692305
0.564459999692305
0.544459999692305
0.5289599996923049
0.5022199996923049
0.5307199996923047
0.5334699996923047
0.4997099996923047
0.49278999969230464
0.4872099996923045
0.4974599996923046
0.5032099996923045
0.4984599996923045
0.48870999969230455
0.4677199996923047
0.43770999969230484
0.4902099996923046
0.4724599996923047
0.49353999969230444
0.4677899996923045
0.46445999969230445
0.4469599996923044
0.4555399996923044
0.4592199996923043
0.46345999969230434
0.47045999969230445
0.48153999969230465
0.48595999969230474
0.49420999969230484
0.468709999692305
0.4592099996923049
0.4837099996923049
0.46495999969230484
0.4749599996923046
0.4929699996923045
0.4939599996923043
0.5054599996923044
0.5069599996923042
0.4990399996923043
0.49470999969230434
0.5017099996923045
0.5022899996923045
0.4839599996923045
0.4779599996923045
0.4699699996923046
0.4725499996923046
0.4757899996923045
0.4737199996923045
0.4737899996923045
0.4749599996923044
0.46145999969230456
0.46145999969230456
0.4587099996923045
0.46928999969230456
0.4634699996923044
0.4539599996923045
0.4685499996923044
0.4795399996923042
0.4980399996923044
0.5057899996923043
0.5089599996923044
0.5099599996923045
0.5217899996923046
0.5315399996923045
0.5249599996923044
0.5327099996923046
0.5475399996923045
0.5559599996923044
0.5504699996923044
0.5812099996923044
0.5742099996923042
0.5637899996923044
0.5685399996923044
0.5582899996923043
0.5515399996923043
0.5377099996923043
0.5535399996923043
0.5612099996923043
0.5462099996923044
0.5289599996923045
0.5449699996923043
0.5612199996923042
0.551539999692304
0.5427099996923039
0.5692099996923037
0.5784599996923037
0.5640399996923038
0.5837899996923037
0.5745499996923038
0.5892899996923036
0.5954699996923036
0.5899599996923037
0.5979599996923037
0.6127899996923039
0.6352899996923038
0.6355499996923037
0.6534599996923036
0.6517099996923037
0.6415399996923039
0.6594599996923041
0.641459999692304
0.6474599996923041
0.6629599996923041
0.6502099996923041
0.6575399996923041
0.6447099996923042
0.6479599996923042
0.6832899996923041
0.6927099996923038
0.6837899996923038
0.6947899996923039
0.703709999692304
0.701719999692304
0.6982099996923039
0.6959699996923039
0.6669599996923039
0.6899599996923038
0.7089599996923039
0.716459999692304
0.6564599996923042
0.6849599996923041
0.6795399996923042
0.6852099996923042
0.6995399996923042
0.701039999692304
0.6777099996923039
0.6860399996923039
0.6859699996923039
0.702289999692304
0.6952199996923041
0.689719999692304
0.661959999692304
0.6387899996923041
0.645039999692304
0.6365499996923041
0.6394599996923043
0.6702199996923042
0.6729599996923039
0.6802199996923037
0.6574699996923037
0.6512099996923035
0.6497099996923035
0.6529599996923034
0.6442199996923035
0.6367899996923034
0.6342899996923033
0.6290399996923033
0.6434599996923032
0.6709599996923032
0.6537099996923033
0.6550399996923031
0.676779999692303
0.6772099996923029
0.694709999692303
0.6977099996923031
0.6747099996923032
0.6687099996923032
0.6612899996923032
0.6617899996923033
0.6719599996923031
0.6697899996923031
0.662959999692303
0.6599599996923029
0.6432099996923029
0.6492199996923029
0.6439599996923029
0.6564599996923028
0.6679599996923029
0.6617899996923029
0.6304599996923028
0.6619599996923027
0.6312099996923028
0.6150499996923029
0.6274599996923029
0.6239699996923029
0.606799999692303
0.5735399996923032
0.5764699996923033
0.591039999692303
0.5742099996923031
0.5474699996923034
0.5704599996923032
0.6085499996923032
0.6152899996923031
0.6027899996923032
0.5864599996923032
0.6165399996923031
0.6184699996923029
0.6102099996923027
0.6012099996923028
0.6120399996923027
0.6182099996923025
0.6249599996923025
0.6387199996923025
0.6599599996923027
0.6490399996923026
0.6492099996923026
0.6250499996923027
0.6227099996923027
0.6122099996923027
0.6032899996923027
0.6000399996923027
0.6302099996923027
0.6422899996923028
0.6325399996923029
0.6314599996923029
0.6699599996923031
0.6819599996923029
0.6869599996923028
0.6544699996923029
0.6699599996923029
0.651709999692303
0.659709999692303
0.646959999692303
0.657539999692303
0.6432899996923029
0.644959999692303
0.6250399996923031
0.6257199996923031
0.626459999692303
0.6272099996923031
0.6095499996923033
0.5957099996923032
0.5772899996923033
0.5677899996923033
0.5894599996923033
0.6232199996923031
0.6174599996923031
0.618459999692303
0.625299999692303
0.6452199996923029
0.6587099996923029
0.6392099996923031
0.638959999692303
0.6585399996923029
0.6452099996923029
0.6292099996923028
0.6292099996923028
0.6269599996923028
0.6364599996923028
0.6539599996923029
0.6934599996923028
0.7110399996923027
0.6939599996923027
0.6907999996923027
0.6804699996923027
0.7192099996923027
0.7085399996923027
0.6932999996923026
0.7267099996923023
0.7222099996923024
0.7107999996923025
0.7022199996923024
0.6872099996923025
0.6757099996923024
0.6539599996923025
0.6555399996923026
0.6382899996923026
0.6659699996923025
0.6629599996923026
0.6522099996923025
0.6467899996923026
0.6159599996923026
0.6232999996923028
0.6212199996923029
0.6250399996923028
0.6264599996923028
0.6229599996923028
0.6389699996923028
0.6254599996923029
0.6174599996923029
0.6065399996923029
0.6087099996923029
0.5959599996923028
0.569789999692303
0.5832899996923031
0.581539999692303
0.5762099996923029
0.565709999692303
0.579209999692303
0.5694599996923031
0.5315399996923031
0.5064499996923031
0.524699999692303
0.509959999692303
0.49803999969230306
0.4975399996923031
0.5044499996923033
0.4789599996923033
0.5044499996923033
0.5119599996923032
0.4679599996923034
0.45820999969230347
0.46145999969230345
0.4639599996923034
0.4782099996923035
0.4642099996923037
0.4629599996923037
0.44245999969230376
0.4527899996923037
0.46545999969230367
0.47844999969230373
0.5012099996923038
0.49844999969230397
0.4987099996923041
0.4697099996923042
0.48870999969230433
0.4961999996923043
0.48528999969230435
0.46920999969230426
0.44927999969230425
0.4462899996923042
0.45203999969230435
0.4755399996923044
0.4894499996923045
0.48753999969230466
0.47970999969230466
0.47170999969230465
0.4704599996923047
0.48470999969230455
0.5009599996923046
0.4842899996923047
0.4722099996923046
0.48395999969230474
0.47995999969230474
0.48095999969230485
0.4767799996923048
0.4794599996923048
0.4927099996923048
0.5047099996923048
0.5164599996923049
0.5362099996923049
0.5519599996923048
0.5411999996923047
0.5356999996923046
0.5299599996923046
0.5355399996923045
0.5427099996923044
0.5575299996923042
0.5495399996923043
0.5521999996923044
0.5499599996923044
0.5527099996923044
0.5437099996923045
0.5330399996923045
0.5297099996923045
0.5501999996923046
0.5242099996923046
0.5309599996923047
0.5224599996923047
0.5302899996923047
0.5309599996923047
0.5214599996923046
0.5287899996923047
0.5194599996923048
0.5290399996923048
0.5372899996923048
0.5342099996923049
0.516199999692305
0.49945999969230503
0.5189499996923048
0.5144599996923049
0.510949999692305
0.540289999692305
0.543779999692305
0.5467899996923049
0.5349599996923049
0.5547099996923048
0.5402099996923049
0.5357099996923047
0.5335399996923047
0.5044599996923047
0.5087899996923047
0.5212099996923047
0.5227199996923049
0.5254599996923048
0.5294599996923051
0.5429599996923051
0.5557899996923052
0.5812099996923052
0.5747899996923054
0.5804599996923054
0.5616999996923056
0.5365399996923055
0.5397899996923055
0.5377899996923055
0.5246999996923054
0.5237099996923054
0.5251999996923054
0.5299599996923052
0.5414599996923051
0.5439599996923052
0.5325399996923053
0.5287899996923051
0.527959999692305
0.549449999692305
0.5369599996923049
0.537209999692305
0.530539999692305
0.527279999692305
0.5339599996923052
0.5542099996923053
0.5735399996923054
0.5799699996923053
0.5854699996923054
0.5774499996923055
0.5769599996923054
0.5760299996923053
0.5790399996923052
0.5699499996923052
0.5667799996923053
0.5542099996923053
0.5824499996923052
0.589469999692305
0.583709999692305
0.5802999996923051
0.571709999692305
0.572969999692305
0.578289999692305
0.5780399996923051
0.5790399996923052
0.5684599996923052
0.5739599996923053
0.5447099996923053
0.5462099996923053
0.5267099996923053
0.5355399996923054
0.5337899996923055
0.5292099996923054
0.5325399996923055
0.5384699996923055
0.5287099996923055
0.5280399996923055
0.5389599996923053
0.5364599996923054
0.5499599996923055
0.5385499996923055
0.5474599996923055
0.5619599996923057
0.5682099996923058
0.5624699996923057
0.5469599996923058
0.5489599996923058
0.5534699996923058
0.5494599996923057
0.5492899996923057
0.5487899996923058
0.5567099996923057
0.5775499996923057
0.5855499996923057
0.5827099996923057
0.5799599996923057
0.5819699996923058
0.566709999692306
0.5792099996923061
0.5929699996923061
0.6009699996923059
0.5994599996923058
0.5902899996923059
0.5544599996923059
0.5640399996923058
0.5757099996923059
0.573459999692306
0.6032099996923059
0.6144599996923059
0.6209699996923059
0.5964599996923059
0.5964599996923059
0.5732099996923059
0.5737899996923062
0.5665399996923062
0.570789999692306
0.5526999996923061
0.5975399996923063
0.6084599996923064
0.6291999996923063
0.6317099996923066
0.6522099996923068
0.6634199996923067
0.6360399996923067
0.6389599996923068
0.6679599996923069
0.6484599996923068
0.6685399996923067
0.6615499996923069
0.6435799996923068
0.6392099996923069
0.6544599996923066
0.6484599996923066
0.6563399996923067
0.6749599996923066
0.6604599996923066
0.6567799996923067
0.6812399996923066
0.6960499996923069
0.6883299996923069
0.7175399996923071
0.7282999996923072
0.7539599996923072
0.743459999692307
0.749179999692307
0.7724599996923069
0.7569599996923069
0.7416999996923068
0.7535399996923069
0.782199999692307
0.7667999996923069
0.7346999996923069
0.7409599996923069
0.7455399996923069
0.752299999692307
0.7646599996923071
0.7785799996923071
0.7632799996923072
0.7534599996923073
0.7636999996923073
0.7457999996923073
0.7259599996923072
0.6990399996923071
0.6886799996923072
0.7327999996923071
0.7235399996923073
0.7235399996923073
0.7287999996923071
0.7024599996923071
0.683799999692307
0.668279999692307
0.706919999692307
0.6915799996923069
0.6712999996923068
0.6671999996923068
0.6968399996923067
0.6811999996923066
0.6782999996923065
0.7121999996923065
0.7041799996923064
0.6705399996923063
0.6619599996923062
0.7185399996923063
0.7312599996923062
0.7160399996923061
0.6995799996923062
0.7011999996923062
0.7408399996923063
0.7740599996923061
0.7621599996923061
0.7735599996923059
0.762459999692306
0.7579599996923059
0.7679599996923061
0.7767199996923062
0.7900599996923061
0.8095799996923061
0.8104599996923061
0.795639999692306
0.803799999692306
0.8222999996923062
0.814719999692306
0.8040599996923061
0.7995599996923062
0.8154599996923062
0.8197199996923061
0.8279999996923062
0.8417999996923062
0.8442999996923062
0.8697999996923063
0.8651799996923062
0.8267999996923063
0.8252199996923064
0.8255799996923063
0.8425599996923063
0.8616399996923063
0.8417999996923065
0.8282999996923066
0.8541599996923068
0.8540599996923068
0.8669599996923067
0.8430599996923067
0.8412999996923067
0.8235799996923068
0.8452199996923067
0.8402199996923065
0.8223399996923064
0.8144199996923065
0.8312199996923064
0.8402199996923063
0.8317199996923061
0.824179999692306
0.8185599996923059
0.8039599996923057
0.8212199996923057
0.7999599996923057
0.7992999996923056
0.8097199996923055
0.8302999996923057
0.8432199996923058
0.8592199996923058
0.8356399996923056
0.8182999996923057
0.8482999996923055
0.8662999996923055
0.9017999996923056
0.9005599996923057
0.8907999996923057
0.9061399996923059
0.9309599996923057
0.9412999996923057
0.9490599996923057
0.9668399996923058
0.9622199996923058
0.9632199996923057
0.9567999996923056
0.9342199996923057
0.9417999996923057
0.9762999996923054
0.9772199996923054
0.9754999996923055
0.9492199996923054
0.9924599996923054
0.9912999996923055
0.9914999996923057
0.9829599996923057
0.9806199996923057
0.9657199996923056
0.9372199996923056
0.9272199996923056
0.9424599996923055
0.9629199996923055
0.9771199996923057
0.9527999996923056
0.9449199996923054
0.9580799996923053
0.9604199996923053
0.9624199996923055
0.9537199996923056
0.9432199996923054
0.9552999996923053
0.9557999996923054
0.9487199996923055
0.9607199996923057
0.9637199996923056
0.9617999996923057
0.9520599996923056
0.9012999996923055
0.9302199996923055
0.9150599996923057
0.9200599996923058
0.9182199996923059
0.9227199996923059
0.9380399996923061
0.924799999692306
0.906639999692306
0.9165599996923057
0.8975599996923056
0.9217999996923054
0.9133599996923054
0.9318399996923052
0.9447999996923051
0.9397199996923051
0.9657199996923052
0.9896199996923052
0.999619999692305
1.0087999996923052
0.9812199996923052
0.9410599996923052
0.9615399996923055
0.9460799996923055
0.9399199996923056
0.9032999996923057
0.9040599996923058
0.8887199996923059
0.8960599996923058
0.8910599996923059
0.891719999692306
0.9097999996923061
0.9232999996923061
0.9260799996923061
0.9449199996923061
0.9475599996923063
0.9499599996923063
0.9499599996923063
0.9461799996923062
0.9250799996923063
0.9286799996923063
0.9182999996923062
0.9039599996923062
0.9350799996923063
0.9361799996923064
0.9269599996923064
0.9344599996923064
0.9594599996923066
0.9649599996923066
0.9739599996923067
0.9722999996923067
0.9835399996923067
0.9991999996923067
1.0585799996923067
1.0476199996923068
1.0595399996923072
1.0647199996923074
1.1079599996923073
1.0854599996923073
1.0791199996923075
1.0756399996923074
1.0971199996923073
1.0868799996923073
1.0994999996923074
1.1302199996923075
1.1516199996923073
1.1348399996923075
1.1403799996923074
1.1157199996923075
1.1153799996923075
1.0971199996923078
1.0774599996923078
1.0718799996923076
1.0871199996923075
1.0799599996923073
1.0731199996923073
1.0966399996923073
1.1201199996923075
1.1136199996923075
1.1279599996923073
1.2158799996923073
1.202959999692307
1.189379999692307
1.1762199996923068
1.1747199996923068
1.2239599996923065
1.2619599996923063
1.2561199996923063
1.237379999692306
1.294459999692306
1.3011199996923062
1.254799999692306
1.278379999692306
1.290459999692306
1.264219999692306
1.2651199996923057
1.2655399996923058
1.2558399996923058
1.2931199996923057
1.2872199996923057
1.2972999996923056
1.3616199996923055
1.3824599996923057
1.3563799996923058
1.3686199996923056
1.4052199996923056
1.4272199996923058
1.408459999692306
1.439719999692306
1.406839999692306
1.3244599996923059
1.3539999996923058
1.3449999996923059
1.3268799996923057
1.3589599996923059
1.3306199996923058
1.3447199996923058
1.346499999692306
1.3611199996923062
1.3422999996923064
1.3441199996923063
1.3422999996923064
1.3613799996923062
1.4002199996923061
1.451799999692306
1.485879999692306
1.474219999692306
1.4983799996923062
1.484119999692306
